-6.02327 -6.56366 -1.12551 0.212406 128 149 180
-6.03419 -6.55134 -1.1273 0.229206 115 134 166
-8.59937 -9.16529 -1.58482 0.125612 57 61 64
-8.5754 -9.12854 -1.58523 0.127611 55 56 60
-8.58527 -9.12803 -1.58581 0.143603 60 61 65
-8.61409 -9.14727 -1.58507 0.131609 62 63 68
-8.60578 -9.12718 -1.58711 0.116014 57 56 61
-8.62397 -9.13529 -1.58566 0.14641 59 60 65
-8.61947 -9.11937 -1.58608 0.127611 56 59 64
-8.64107 -9.13096 -1.58686 0.1308 56 59 64
-8.65091 -9.13014 -1.5876 0.148409 60 59 64
-8.62202 -9.08838 -1.58656 0.138003 64 63 68
-8.6348 -9.09069 -1.58826 0.138415 58 57 62
-8.65942 -9.10535 -1.58858 0.132006 46 45 51
-8.68025 -9.11598 -1.58991 0.153613 38 38 46
-8.67427 -9.09847 -1.58903 0.156008 59 62 71
-8.71023 -9.08023 -1.58991 0.139208 59 60 65
-8.73804 -9.08681 -1.58954 0.164004 60 61 66
-6.99451 -7.26502 -1.2724 0.176013 51 54 61
-6.98958 -7.25088 -1.26988 0.220005 39 41 53
-6.99231 -7.24487 -1.27228 0.230808 42 46 57
-6.99772 -7.24163 -1.27531 0.267002 41 50 57
-7.00017 -7.23521 -1.27415 0.386007 48 57 66
-7.00603 -7.23243 -1.27555 0.246815 54 61 79
-7.01259 -7.23026 -1.2753 0.238804 58 66 79
-7.02154 -7.23063 -1.27365 0.196002 59 65 77
-8.75532 -9.00484 -1.59121 0.097612 52 57 63
-8.79249 -9.03187 -1.59104 0.132006 58 59 64
-8.7813 -9.0094 -1.59293 0.126406 53 53 61
-8.90682 -8.73241 -1.57626 0.255009 50 56 68
-8.92743 -8.73116 -1.58186 0.198001 54 58 67
-9.07664 -8.84449 -1.6016 0.128801 51 54 59
-9.25486 -8.71288 -1.60975 0.112413 56 56 64
-9.3009 -8.72405 -1.61015 0.118807 57 60 69
-9.29898 -8.70072 -1.60954 0.139605 62 62 72
-9.31684 -8.70679 -1.60967 0.128405 62 62 72
-9.31482 -8.69432 -1.60987 0.128008 59 59 69
-9.30074 -8.67043 -1.61069 0.131609 60 60 70
-9.33253 -8.68946 -1.61315 0.126009 53 51 62
-9.35837 -8.6922 -1.61223 0.154803 56 60 69
-9.57185 -8.49365 -1.62038 0.108812 75 75 83
-9.60746 -8.5147 -1.61966 0.139605 67 67 75
-9.58278 -8.4823 -1.62001 0.117601 66 66 76
-9.60526 -8.49181 -1.62029 0.145602 70 70 80
-9.58566 -8.464 -1.62034 0.143206 69 69 79
-9.59604 -8.46275 -1.6206 0.144411 75 75 85
-9.61928 -8.47257 -1.62175 0.128405 71 71 81
-9.64403 -8.48394 -1.62085 0.12401 74 74 84
-9.62909 -8.46028 -1.62127 0.137209 75 75 85
-9.64014 -8.44904 -1.62305 0.139605 73 73 83
-9.83304 -8.31334 -1.6284 0.122011 65 65 73
-9.84844 -8.30564 -1.62897 0.127611 65 65 73
-9.86298 -8.30756 -1.63038 0.122408 68 68 78
-9.8844 -8.31531 -1.6305 0.126009 69 69 79
-9.85374 -8.27915 -1.62945 0.117205 70 70 78
-9.86045 -8.27437 -1.62924 0.130404 69 69 77
-9.89243 -8.29095 -1.63028 0.122408 72 72 80
-9.90061 -8.28753 -1.62996 0.135607 67 67 75
-9.91327 -8.28771 -1.631 0.123201 68 69 74
-9.90311 -8.26889 -1.63062 0.105211 67 68 73
-9.91471 -8.2683 -1.63051 0.128801 67 68 73
-9.89452 -8.24111 -1.63149 0.124407 72 73 78
-9.93508 -8.26464 -1.63119 0.128405 70 71 76
-9.9026 -8.22726 -1.6314 0.114809 70 71 76
0 0 0 0.5 0 0 0
-10.0577 -8.14945 -1.63813 0.104005 62 62 72
-10.0917 -8.16675 -1.63867 0.120806 61 60 68
0 0 0 0.5 0 0 0
-10.0774 -8.13483 -1.64065 0.123201 60 59 67
-10.1058 -8.14767 -1.64054 0.120012 63 62 70
-10.1093 -8.13993 -1.63981 0.104814 59 60 65
-10.093 -8.11679 -1.63964 0.091615 58 59 64
-10.0899 -8.10408 -1.64034 0.11841 56 57 62
-10.1056 -8.10639 -1.64004 0.098009 58 59 64
-10.1555 -8.1362 -1.64279 0.115206 55 56 61
-10.1488 -8.12087 -1.64284 0.100801 59 60 65
-10.1665 -8.12462 -1.64258 0.10721 59 60 65
-10.1702 -8.11728 -1.64187 0.120409 56 57 62
-10.1536 -8.09388 -1.6443 0.089601 58 59 64
-10.3856 -7.93009 -1.65232 0.098009 60 59 65
-10.3592 -7.89984 -1.65079 0.116014 60 60 68
-10.37 -7.89794 -1.65034 0.115602 59 60 65
-10.3697 -7.88771 -1.65162 0.110002 59 59 69
-10.4121 -7.90975 -1.65102 0.092409 59 59 67
-10.4018 -7.89189 -1.65145 0.128008 64 64 72
-10.4271 -7.90101 -1.65204 0.103212 65 64 72
-10.4413 -7.90169 -1.65272 0.116014 64 63 71
-10.4165 -7.87276 -1.65212 0.128008 66 66 76
-10.4184 -7.86426 -1.65163 0.138003 69 69 77
-10.4287 -7.86199 -1.6518 0.1364 73 70 77
-10.4261 -7.85001 -1.65337 0.130404 72 71 79
-9.97972 -5.41867 -1.43595 0.148806 42 40 43
-9.9867 -5.4145 -1.4351 0.156008 67 66 71
-9.99502 -5.41108 -1.44018 0.139208 64 61 68
-10.0089 -5.41075 -1.44197 0.13521 58 57 63
-10.0227 -5.41044 -1.44012 0.157214 55 56 60
-9.93359 -5.35422 -1.42974 0.201602 59 59 59
-10.0372 -5.40206 -1.44034 0.168002 48 47 45
-9.98796 -5.36782 -1.43793 0.183612 44 41 36
-10.0391 -5.38733 -1.44019 0.195605 32 31 26
-8.6614 -9.16373 -1.58592 0.142 58 61 66
-8.66947 -9.13838 -1.58747 0.154009 62 61 66
-8.71434 -9.15176 -1.58823 0.151202 64 64 72
-10.4676 -7.95209 -1.65149 0.141604 56 55 61
-11.862 -6.74555 -1.69776 0.180011 75 73 76
-11.7808 -6.93106 -1.69271 0.176806 80 82 95
-9.00207 -9.41907 -1.58624 0.124804 60 60 68
-9.00327 -9.45514 -1.58401 0.080812 56 56 64
-12.5285 -6.69341 -1.70946 0.180407 90 92 105
-8.62877 -9.86683 -1.56832 0.143603 61 61 69
-12.5962 -6.72955 -1.70982 0.192401 88 91 106
-9.02944 -9.76683 -1.57838 0.12401 63 64 69
-12.6619 -6.76465 -1.70979 0.199603 87 90 105
-5.11356 -5.77537 -0.911468 0.21561 36 39 44
-5.11803 -5.75905 -0.912922 0.300008 49 55 67
-7.01036 -7.22787 -1.1934 0.229206 58 68 80
-4.15321 -5.04153 -0.765642 0.225605 131 145 180
-6.07437 -6.49806 -1.03299 0.268009 61 70 87
-6.87306 -7.43445 -1.16381 0.103609 34 37 44
-11.7409 -8.616 -1.65554 0.170001 100 102 117
-11.7085 -8.55925 -1.65584 0.176013 91 93 105
-9.79211 -10.0216 -1.58873 0.130404 59 58 64
-9.87543 -10.0326 -1.59164 0.1364 54 55 60
-9.8791 -9.99944 -1.59201 0.145602 55 56 61
-10.0184 -9.88231 -1.59711 0.130404 55 55 63
-8.8987 -8.74575 -1.41455 0.214008 44 51 61
-6.78782 -7.50689 -1.13862 0.271 47 47 57
-6.94881 -7.29759 -1.13467 0.244404 98 109 129
-6.9621 -7.28463 -1.13262 0.246815 89 102 121
-3.36086 -2.8487 -0.496245 0.135607 21 20 25
-6.77494 -7.52054 -1.13524 0.260014 49 51 64
-11.7432 -8.88671 -1.64761 0.181613 106 106 118
-4.03206 -5.18779 -0.73088 0.221607 80 87 106
-12.3936 -8.37753 -1.67093 0.169604 76 80 92
-12.4135 -8.35765 -1.6715 0.171603 75 79 91
-4.03461 -5.19107 -0.727251 0.168414 57 59 74
-4.03447 -5.19089 -0.723136 0.1196 73 72 86
-6.68291 -7.64166 -1.11979 0.237201 104 120 146
-4.04032 -5.19841 -0.720122 0.171206 112 123 143
-6.99413 -7.23771 -1.10536 0.254002 53 56 73
-11.0322 -9.74104 -1.61745 0.134005 63 62 70
-6.31108 -8.11984 -1.11836 0.213611 58 65 83
-3.37859 -2.86371 -0.482282 0.137209 33 32 37
-6.31253 -8.1217 -1.11224 0.29601 79 84 104
-9.04473 -11.6366 -1.53866 0.090013 65 67 79
-12.7483 -9.31919 -1.65547 0.186404 76 76 88
0 0 0 0.5 0 0 0
-13.9058 -8.52945 -1.69335 0.174807 68 68 80
0 0 0 0.5 0 0 0
-9.20031 -11.8367 -1.53718 0.105211 65 71 85
-11.6336 -10.4897 -1.61217 0.109209 63 63 71
-11.9894 -10.2755 -1.62268 0.144015 64 64 72
-3.38895 -2.82631 -0.453053 0.247608 48 52 64
-3.42753 -2.75652 -0.452935 0.248402 51 55 67
-3.43238 -2.75001 -0.451337 0.252003 51 55 67
-12.6456 -9.71689 -1.64391 0.175204 88 88 100
-12.7326 -9.7465 -1.64591 0.169604 95 97 110
-12.699 -9.68373 -1.64604 0.171206 95 97 110
-9.24493 -11.8941 -1.53535 0.123201 64 70 84
-3.41632 -2.77873 -0.450355 0.245212 79 81 80
-14.2005 -8.60276 -1.69759 0.178408 65 65 77
-14.5176 -8.3264 -1.70809 0.17641 71 73 85
-9.30486 -11.9712 -1.53593 0.118807 67 75 88
-8.19359 -9.65233 -1.28615 0.216403 43 48 54
-11.6682 -10.7304 -1.609 0.099611 51 50 55
-12.0834 -10.4337 -1.62108 0.1252 54 55 60
-13.1531 -9.68941 -1.65565 0.177203 90 92 104
-13.1914 -9.68022 -1.65687 0.185214 81 83 96
-13.146 -9.6099 -1.65681 0.171206 81 83 96
-14.289 -8.69233 -1.69701 0.175204 70 72 84
-14.4598 -8.4353 -1.70496 0.174411 71 71 83
-14.5791 -8.43351 -1.70686 0.179202 75 75 87
0 0 0 0.5 0 0 0
-9.41378 -12.1113 -1.53486 0.1196 63 71 84
-7.60772 -8.41347 -1.12829 0.301015 72 84 98
-7.62109 -8.39723 -1.13257 0.291005 67 71 83
-14.7348 -8.59585 -1.70564 0.188403 69 69 79
-5.08129 -5.81029 -0.765312 0.247608 47 51 62
-12.2978 -10.8179 -1.61873 0.144808 56 55 63
-14.5625 -9.00558 -1.69398 0.180407 73 73 83
-13.3831 -10.1274 -1.6484 0.136004 67 69 81
-15.4252 -8.24041 -1.72443 0.186404 80 84 95
-6.33014 -8.14422 -1.00652 0.104814 59 70 76
-4.94924 -5.98519 -0.757923 0.234806 33 34 39
-4.95668 -5.97176 -0.756767 0.212406 32 35 40
-4.96624 -5.96091 -0.756071 0.224414 30 33 40
-15.1138 -8.77952 -1.70786 0.192004 65 65 75
-15.5342 -8.29863 -1.72564 0.189609 75 79 90
-4.80742 -6.18525 -0.75959 0.155215 36 47 49
-4.82764 -6.15494 -0.76093 0.128405 42 47 51
-15.6357 -8.35286 -1.72601 0.184802 72 74 86
-15.3247 -8.90223 -1.70965 0.178012 65 65 75
-15.7434 -8.41035 -1.72678 0.170413 68 70 82
-13.8612 -10.2505 -1.6573 0.177615 83 85 97
-14.8187 -9.54641 -1.68822 0.181201 71 74 83
-15.8543 -8.46962 -1.7278 0.183215 65 68 77
-12.4874 -11.3149 -1.60897 0.131609 45 46 51
-12.5236 -11.306 -1.60507 0.139208 35 34 39
-15.9658 -8.52917 -1.72881 0.181613 69 72 81
-12.4927 -11.4461 -1.60764 0.097612 40 39 45
-14.6298 -9.88885 -1.67655 0.174411 73 73 81
-15.7026 -8.89103 -1.71055 0.198001 70 70 80
-16.0638 -8.5815 -1.72817 0.189609 63 66 75
-10.7878 -10.2182 -1.3983 0.248814 50 60 72
-12.4831 -11.6081 -1.60082 0.114412 50 55 61
-16.1856 -8.64654 -1.72984 0.198001 71 71 81
-14.6917 -10.1688 -1.67266 0.175204 70 70 82
-16.3057 -8.7107 -1.73104 0.182406 66 66 76
-14.0214 -10.7739 -1.64718 0.091203 63 62 70
-15.3721 -9.78303 -1.69201 0.182406 80 82 95
-16.4319 -8.7781 -1.73298 0.181201 57 57 67
-11.3292 -12.6534 -1.56158 0.116014 53 54 59
-11.3542 -12.6341 -1.56198 0.12961 57 58 63
-13.1939 -11.606 -1.61677 0.114 50 49 54
-13.1431 -11.5183 -1.61541 0.168414 47 46 51
-16.2608 -9.08858 -1.72292 0.182803 63 65 77
-16.3019 -9.07244 -1.7238 0.169604 62 62 72
-13.2321 -11.7262 -1.61534 0.160815 54 53 58
-3.42288 -2.78402 -0.404742 0.584985 198 218 255
-3.42397 -2.77441 -0.404462 0.615 196 215 255
-3.43356 -2.76132 -0.404502 0.612985 195 218 250
-14.0408 -11.1213 -1.64074 0.150805 55 54 62
-14.0991 -11.0833 -1.6421 0.103609 58 57 65
-14.1547 -11.0431 -1.64457 0.123613 59 58 66
-16.0981 -9.55051 -1.71188 0.170809 54 54 62
-16.078 -9.49853 -1.71238 0.173205 56 59 64
-3.43757 -2.75411 -0.400173 0.486015 189 217 255
-8.48139 -9.27599 -1.1326 0.242405 37 42 46
-8.78437 -8.89118 -1.12877 0.240406 75 80 100
-8.79939 -8.8737 -1.12872 0.247211 65 67 82
0 0 0 0.5 0 0 0
-14.6824 -10.9836 -1.65528 0.164004 71 71 79
-16.8446 -8.99855 -1.72949 0.204807 34 32 37
-16.8962 -9.02608 -1.72286 0.18201 34 32 35
0 0 0 0.5 0 0 0
-14.9447 -11.0516 -1.66019 0.168414 86 88 101
-16.3539 -9.66146 -1.69476 0.173205 56 47 48
-16.5098 -9.46856 -1.69481 0.194415 37 33 32
-16.5558 -9.2937 -1.69155 0.173602 29 27 28
-16.8988 -9.02746 -1.71131 0.182406 29 27 28
-8.61059 -9.14316 -1.10858 0.200809 115 148 167
-15.6597 -10.7113 -1.67772 0.18201 40 40 48
-15.97 -10.2878 -1.67818 0.182803 34 30 31
-15.9181 -10.2131 -1.67465 0.194812 22 18 19
-16.2795 -9.86178 -1.68675 0.171603 33 31 34
-16.9016 -9.02898 -1.69958 0.188006 25 23 24
0 0 0 0.5 0 0 0
-12.5324 -12.8255 -1.57714 0.092012 43 51 62
0 0 0 0.5 0 0 0
0 0 0 0.5 0 0 0
-16.899 -9.02754 -1.68754 0.178012 21 19 20
-14.7236 -11.7064 -1.64083 0.10161 48 47 53
-15.1077 -11.4761 -1.6532 0.164813 76 76 84
-16.909 -9.03289 -1.67672 0.191608 26 24 27
0 0 0 0.5 0 0 0
0 0 0 0.5 0 0 0
0 0 0 0.5 0 0 0
-16.7662 -9.19617 -1.66199 0.153201 44 43 48
-16.9229 -9.04032 -1.66612 0.155612 42 40 43
-8.90862 -8.75511 -1.07542 0.089601 42 43 48
-8.90945 -8.72375 -1.06964 0.399008 64 77 93
-16.9291 -9.04359 -1.65503 0.180011 41 39 42
-5.99713 -6.60773 -0.764133 0.196811 26 30 39
-6.00647 -6.59347 -0.763236 0.21001 22 29 35
-6.06266 -6.53332 -0.760833 0.19321 130 146 172
-15.2936 -11.841 -1.64783 0.126802 60 60 68
-15.957 -11.3513 -1.66767 0.18761 62 60 65
-15.9674 -11.3144 -1.66654 0.180011 49 45 46
-16.9292 -9.04362 -1.64297 0.174014 39 37 40
-15.8501 -11.6309 -1.66197 0.181201 81 83 96
-11.1171 -14.227 -1.51848 0.158801 47 48 52
-11.1314 -14.1909 -1.51985 0.156405 45 45 53
-15.823 -11.7461 -1.65911 0.175601 83 87 99
-16.1383 -11.3912 -1.66334 0.199207 42 37 41
-15.924 -11.196 -1.63958 0.175601 44 42 47
-15.92 -11.1494 -1.63544 0.239612 32 28 25
-16.5197 -9.71821 -1.61205 0.187213 34 30 31
-11.2394 -14.2733 -1.51883 0.138415 38 38 46
-15.4667 -12.2046 -1.64322 0.151202 61 60 66
-15.8193 -12.1551 -1.649 0.113207 61 60 68
-15.9856 -10.4234 -1.58042 0.192401 33 32 30
-15.0708 -12.7245 -1.62266 0.07921 47 46 52
-15.877 -12.3866 -1.64522 0.120012 59 59 67
-16.3086 -10.0447 -1.55954 0.224414 22 20 21
-16.3622 -10.0355 -1.55296 0.16321 27 25 28
-16.3531 -9.98833 -1.56044 0.172015 25 23 24
-15.981 -10.8879 -1.55595 0.188815 43 41 44
-16.5 -9.78874 -1.54093 0.161212 40 39 35
-15.2436 -13.3093 -1.61102 0.098405 48 49 54
-15.2024 -13.2242 -1.61311 0.134813 48 47 53
-16.8917 -12.1574 -1.66251 0.178012 45 44 49
-6.98182 -7.25128 -0.795201 0.236408 38 38 46
-6.9947 -7.23794 -0.799787 0.459007 60 65 85
-7.01538 -7.23258 -0.800718 0.209201 95 108 127
-13.8191 -14.1941 -1.56598 0.11281 47 48 52
-7.94401 -7.98149 -0.890527 0.222004 41 41 49
-7.95373 -7.96186 -0.888414 0.282002 54 61 79
-7.24396 -8.89274 -0.8959 0.21561 40 60 85
-16.0923 -10.7478 -1.51165 0.179614 54 49 53
-17.1886 -12.7107 -1.6582 0.179614 78 80 93
-17.2918 -12.7377 -1.65841 0.175204 82 84 97
-16.1403 -11.348 -1.52797 0.219608 45 40 36
-16.0125 -11.0389 -1.50917 0.189609 46 42 41
-10.5662 -10.4992 -1.13014 0.229603 114 113 144
-10.5838 -10.4779 -1.13208 0.233204 90 90 114
-15.7002 -14.0165 -1.60045 0.148806 62 63 65
-16.5887 -13.4907 -1.63045 0.112413 56 55 63
-16.6082 -13.4558 -1.63104 0.11841 58 57 65
-16.8361 -13.3857 -1.63711 0.098802 58 57 65
-16.1212 -10.8965 -1.48616 0.182406 44 41 36
-15.9757 -14.1048 -1.60325 0.128801 77 84 94
-15.9911 -14.0661 -1.60418 0.13521 76 83 93
-16.0768 -14.0367 -1.60683 0.139605 63 66 75
-6.83958 -7.45258 -0.756945 0.208408 31 32 36
-14.7149 -14.4608 -1.54675 0.168811 109 129 138
-8.90977 -8.72391 -0.931069 0.260014 43 52 61
-8.92957 -8.71108 -0.935662 0.229603 51 81 83
-9.85113 -9.46938 -1.0207 0.237201 49 56 64
-17.1466 -9.62509 -1.4721 0.182406 40 39 35
-17.1979 -9.61199 -1.48154 0.169207 42 38 39
-6.76677 -7.53886 -0.749446 0.229206 33 36 43
-12.7903 -15.8386 -1.50338 0.139605 48 49 54
-6.54659 -7.82793 -0.74893 0.191211 30 33 38
-6.56051 -7.8154 -0.749765 0.20441 25 28 33
-17.2318 -11.1905 -1.48845 0.211612 45 47 46
-15.3797 -13.7816 -1.47837 0.965377 34 37 46
-17.9401 -10.6876 -1.474 0.214008 40 36 35
-18.0048 -10.6812 -1.47486 0.175204 34 30 29
-6.37671 -8.037 -0.716113 0.228412 84 85 106
-6.40528 -8.01206 -0.713427 0.231205 116 120 149
-6.41709 -7.99667 -0.710393 0.208804 127 144 172
-11.4392 -11.3666 -1.11409 0.132403 113 147 175
-18.0497 -11.3008 -1.46564 0.14641 52 50 55
-18.4184 -9.83887 -1.42652 0.213611 34 32 33
-18.6405 -15.1021 -1.62352 0.098802 59 58 64
-18.9146 -15.0948 -1.62815 0.118013 55 52 59
-18.8898 -15.0182 -1.62843 0.106401 54 51 58
-19.2335 -14.8909 -1.63686 0.11281 61 60 66
-19.4199 -14.7512 -1.64371 0.127214 60 59 65
-19.5057 -14.6472 -1.64809 0.173602 86 88 101
-19.5891 -14.6537 -1.64891 0.184802 90 92 105
-19.5314 -11.0108 -1.52054 0.192813 43 41 42
-18.3885 -9.82284 -1.41123 0.160403 40 38 39
-15.5233 -13.6545 -1.37847 0.184802 62 63 68
-18.1048 -15.6321 -1.60095 0.110002 56 55 61
-18.1147 -15.5819 -1.60113 0.12401 60 59 65
-12.4377 -11.9996 -1.14831 0.238804 20 28 30
-9.85717 -9.47505 -0.903068 0.204013 44 42 53
-9.86337 -9.4461 -0.904528 0.336004 63 72 87
-18.939 -11.5203 -1.46797 0.178012 41 37 36
-7.88953 -8.04422 -0.73796 0.229603 104 102 124
-7.9048 -8.0301 -0.736804 0.219608 120 134 171
-7.92567 -8.02171 -0.739754 0.194003 138 158 185
-12.2006 -12.3029 -1.13695 0.261006 34 48 51
-12.2189 -12.2761 -1.13426 0.345006 47 44 53
-8.91213 -8.72609 -0.816019 0.312001 49 61 75
-19.0229 -10.3579 -1.41927 0.201205 44 38 38
-20.1786 -10.779 -1.47828 0.251011 43 39 38
-20.6804 -11.0471 -1.50069 0.214801 50 46 43
-15.2923 -13.873 -1.29609 0.155612 28 24 21
-14.5782 -13.1763 -1.22708 0.265003 39 42 57
-19.7861 -16.4777 -1.60333 0.11281 55 54 59
-19.7712 -16.4038 -1.60454 0.148806 53 53 53
-19.9225 -16.3651 -1.60849 0.131609 65 66 68
-16.9054 -18.016 -1.52367 0.105211 50 50 52
-14.6078 -13.1545 -1.21874 0.183612 68 72 81
0 0 0 0.5 0 0 0
-15.3781 -13.7629 -1.28244 0.224811 21 20 25
-15.6328 -13.6319 -1.27963 0.20441 54 57 66
-19.7142 -16.6441 -1.59755 0.124407 55 54 60
-13.9208 -17.9087 -1.38646 0.542992 37 44 52
-17.0814 -18.1364 -1.5224 0.148409 56 57 61
-13.918 -17.9051 -1.37214 0.524987 38 45 55
-15.0061 -18.9842 -1.4626 0.089601 39 38 43
-15.1928 -18.8606 -1.47143 0.140414 49 48 53
-22.5669 -15.313 -1.66238 0.189609 112 102 111
-13.9168 -17.9036 -1.3582 0.523995 37 44 54
-21.6326 -16.3066 -1.63029 0.176013 92 96 108
-21.6857 -16.284 -1.63157 0.172808 85 89 101
-21.7727 -16.2869 -1.63161 0.165606 76 78 90
-21.7988 -16.2437 -1.63362 0.161608 61 64 73
-21.98 -16.1907 -1.63632 0.152407 56 56 66
-22.0573 -16.1851 -1.63749 0.170413 57 54 63
0 0 0 0.5 0 0 0
-22.1172 -16.0417 -1.64193 0.15201 55 55 65
-22.1953 -15.9737 -1.64449 0.172808 79 77 88
-13.9182 -17.9053 -1.34429 0.554986 36 45 54
-25.4451 -13.5922 -1.72186 0.114809 91 94 111
-13.9181 -17.9051 -1.33029 0.669993 34 42 53
-16.6619 -19.0503 -1.49284 0.138415 47 46 54
-19.9945 -17.8279 -1.5725 0.1196 54 53 61
-16.4773 -14.6374 -1.2964 0.292012 52 58 70
-25.6518 -13.7026 -1.71798 0.159213 76 82 98
-13.9184 -17.9055 -1.31612 0.663996 36 43 51
-25.8764 -13.8226 -1.715 0.126802 73 75 87
-13.9183 -17.9053 -1.30212 0.670985 37 42 46
-15.486 -19.7414 -1.44837 0.138415 39 36 43
-15.5441 -19.7392 -1.44926 0.115206 37 36 44
-16.4811 -19.7055 -1.47343 0.124407 37 38 43
-9.8373 -9.49079 -0.790327 0.292012 42 37 44
-26.1183 -13.9517 -1.7127 0.134813 62 64 76
-11.6499 -14.9871 -1.07829 0.209613 29 32 37
0 0 0 0.5 0 0 0
-8.44186 -9.33531 -0.715166 0.278004 96 100 129
-8.45562 -9.31592 -0.720085 0.294011 71 73 88
-8.67459 -9.04221 -0.714561 0.235203 121 146 177
-14.0017 -13.9123 -1.12029 0.282002 37 40 49
-14.2682 -13.5639 -1.1224 0.278004 64 52 74
-14.2929 -13.5374 -1.12343 0.217609 59 48 64
-24.4203 -15.9225 -1.65903 0.199603 132 137 157
-24.9617 -15.5634 -1.66978 0.143206 79 79 91
-26.3579 -14.0797 -1.71013 0.124407 75 77 90
-8.53435 -9.23054 -0.70598 0.341009 102 109 135
-10.8015 -10.1929 -0.835927 0.428 67 80 97
-23.5491 -16.7727 -1.63451 0.181201 120 125 144
-23.6328 -16.7889 -1.6339 0.194812 115 120 139
-23.8022 -16.6685 -1.63839 0.199207 120 122 143
-23.7938 -16.5975 -1.64007 0.18761 132 135 154
-18.1034 -9.67036 -1.16171 0.196002 97 99 114
-11.9812 -12.5812 -0.967862 0.317006 44 70 87
-18.1037 -9.67053 -1.14923 0.2168 99 101 116
-17.0327 -20.5185 -1.46411 0.123201 35 35 33
-15.2037 -14.294 -1.14938 0.212802 44 49 43
-12.681 -11.6897 -0.949631 0.273014 41 45 56
-27.101 -14.4766 -1.70129 0.104402 89 91 106
-13.919 -17.9062 -1.23272 0.566995 44 56 68
-27.4092 -14.6412 -1.70163 0.077211 91 93 108
-13.918 -17.9049 -1.2186 0.549996 41 53 65
-9.43452 -10.0175 -0.739175 0.236011 37 36 42
-27.6552 -14.7726 -1.69758 0.138003 88 90 105
-13.9195 -17.9069 -1.2048 0.636988 38 45 51
-27.9263 -14.9174 -1.69485 0.098405 85 86 104
-17.7078 -20.8583 -1.44365 0.334005 33 37 46
-15.6983 -13.5539 -1.09438 0.128801 68 72 83
-9.51414 -9.91727 -0.715971 0.217609 123 143 170
-10.7212 -10.3054 -0.771557 0.205203 24 32 34
-10.7372 -10.2828 -0.773767 0.208011 36 34 37
-26.3429 -17.1065 -1.63651 0.204013 126 133 152
-26.5039 -17.1418 -1.63651 0.186801 128 141 157
-9.48681 -9.96198 -0.706831 0.174411 67 97 121
-20.2272 -21.1614 -1.49849 0.093614 59 87 109
-10.6069 -10.4617 -0.769513 0.167208 35 36 38
-17.7074 -20.8578 -1.39314 0.236805 32 36 45
-23.5072 -19.9952 -1.56119 0.122805 66 52 65
-23.466 -19.8859 -1.56234 0.122805 62 65 70
-18.7997 -22.0616 -1.45625 0.103212 39 38 44
-10.6121 -10.4286 -0.748622 0.363012 61 52 71
-19.835 -22.4265 -1.4638 0.12961 51 52 54
-19.9284 -22.4485 -1.46411 0.130007 51 52 56
-10.1721 -11.0015 -0.730785 0.275013 45 48 57
0 0 0 0.5 0 0 0
-12.68 -11.7034 -0.839199 0.2112 26 37 39
-28.8995 -17.5785 -1.63561 0.135607 63 63 73
-11.6402 -11.0656 -0.767143 0.230411 33 28 35
-15.4879 -13.7753 -0.989427 0.266011 63 67 78
-15.7361 -13.5354 -0.99458 0.152407 37 41 44
-25.2975 -20.5721 -1.56179 0.123201 59 57 62
-25.3341 -20.5244 -1.56343 0.122011 63 62 67
-28.0587 -18.8137 -1.60936 0.193606 133 135 156
-29.0427 -17.9585 -1.62781 0.134401 88 87 101
-29.2921 -17.8902 -1.63081 0.1364 70 70 78
-13.1669 -16.9384 -1.00757 0.161608 62 71 88
-11.3869 -11.3978 -0.755411 0.206012 29 34 40
-15.7099 -13.5639 -0.980123 0.209613 30 35 41
-13.9193 -17.9064 -1.05139 0.354009 39 48 57
-11.2837 -11.5471 -0.752921 0.173602 20 33 39
-11.2948 -11.5159 -0.748307 0.213214 23 30 36
-17.8986 -16.7038 -1.12319 0.351003 37 36 41
-15.1645 -14.1003 -0.948089 0.334005 32 15 33
-13.6792 -16.2739 -0.964231 0.216007 40 47 57
-27.0101 -21.3116 -1.55397 0.128008 35 34 40
-13.9881 -17.8315 -1.01526 0.291005 71 79 92
-15.1973 -18.2386 -1.05349 0.231601 40 39 47
-11.4101 -11.3792 -0.720282 0.209201 127 148 175
-12.253 -12.2646 -0.759624 0.111604 33 49 62
-21.2142 -18.3161 -1.2372 0.212406 64 68 80
-29.2274 -20.7086 -1.57054 0.188403 99 102 119
-31.0864 -18.8299 -1.60694 0.183612 89 92 109
-31.2093 -18.8257 -1.60527 0.188006 85 88 105
-22.6151 -24.7615 -1.4518 0.170001 41 41 43
-29.0388 -20.9794 -1.56386 0.212406 81 82 100
-12.0427 -12.5065 -0.740196 0.307012 46 46 54
-12.063 -12.4816 -0.737325 0.262013 43 40 51
-12.0855 -12.4587 -0.737683 0.269001 41 45 57
-23.5741 -25.3703 -1.45326 0.180804 43 41 46
-27.4484 -23.173 -1.51663 0.122408 69 69 79
-27.9288 -22.7117 -1.5252 0.130404 61 60 68
-12.2639 -12.2304 -0.720989 0.220813 127 136 165
-12.2885 -12.21 -0.716512 0.207202 129 155 182
-21.1851 -18.336 -1.16375 0.243214 46 48 60
-28.5942 -23.0786 -1.51718 0.139605 60 59 67
-23.8192 -25.9195 -1.44793 0.147601 30 29 35
-33.4799 -19.3643 -1.58083 0.139605 53 56 65
-33.5742 -19.3357 -1.58092 0.148013 54 57 66
-13.39 -12.6819 -0.734884 0.397009 73 64 91
-15.5117 -13.9166 -0.826761 0.192401 21 30 37
-15.5275 -13.879 -0.831832 0.234806 48 54 68
-13.3714 -12.711 -0.722442 0.226001 107 106 138
-30.0551 -24.0748 -1.48026 0.142809 49 48 54
-30.1775 -24.0818 -1.47958 0.135607 45 44 50
-31.4477 -23.253 -1.49095 0.126802 41 42 47
-14.0586 -13.8657 -0.740566 0.180011 34 54 63
-29.7707 -25.3219 -1.44791 0.145205 42 41 47
-31.4926 -23.9203 -1.47211 0.167208 47 48 53
-31.9242 -23.5142 -1.47413 0.176013 47 47 55
-13.9241 -17.9122 -0.82826 0.236011 57 64 72
-13.9325 -17.8986 -0.825822 0.389013 39 47 58
-18.395 -23.5389 -1.09488 0.233204 71 79 90
-31.3543 -24.3659 -1.46123 0.164004 51 52 57
-31.5102 -24.3939 -1.45429 0.216007 53 56 61
-31.5398 -24.324 -1.46263 0.194003 51 52 57
-32.5461 -23.0597 -1.42983 0.216403 61 61 71
-21.2055 -18.3083 -0.995764 0.224811 66 73 91
-22.1575 -19.0584 -1.04059 0.227207 73 81 102
-32.2309 -23.4665 -1.40484 0.209201 58 58 70
-33.3124 -22.0703 -1.41294 0.220401 62 65 74
-19.977 -21.8463 -1.02449 0.343008 76 79 94
-32.682 -22.8861 -1.3653 0.199603 51 51 59
-32.7314 -22.8311 -1.37239 0.19881 78 78 86
-12.5654 -15.7759 -0.672483 0.212406 34 35 40
-32.3356 -23.331 -1.3369 0.217212 63 63 73
-34.8727 -20.0833 -1.34518 0.226413 57 57 65
-18.3778 -16.1044 -0.812281 0.208804 80 82 103
-23.0963 -19.792 -1.0053 0.2448 56 59 76
-33.0437 -22.4211 -1.32784 0.236011 57 57 67
-33.3662 -22.0175 -1.31814 0.227207 63 65 77
-32.9665 -22.517 -1.29571 0.227604 66 66 78
-17.0158 -15.8796 -0.738684 0.247608 98 122 148
-17.076 -15.7991 -0.740551 0.265003 46 77 82
-31.8397 -23.9682 -1.25395 0.239612 64 67 76
-34.4541 -20.6105 -1.26929 0.236805 63 66 75
-34.5009 -20.5519 -1.27695 0.234806 67 67 75
-36.8493 -19.683 -1.33677 0.357 84 84 92
-12.4966 -15.8685 -0.630584 0.196414 109 127 147
-13.3216 -16.7252 -0.660408 0.21561 31 35 44
-29.2118 -29.131 -1.28604 0.231205 45 44 50
-30.9195 -25.1433 -1.24745 0.236408 68 68 76
-31.6161 -24.2592 -1.24703 0.237201 61 61 71
-32.1837 -23.5232 -1.25127 0.219608 67 66 80
-32.2285 -23.4646 -1.23347 0.232013 65 65 75
-36.8478 -19.6822 -1.31101 0.323003 85 85 95
-31.0132 -25.0305 -1.20422 0.220005 68 68 78
-31.8688 -23.9288 -1.22092 0.237201 68 68 78
-31.9135 -23.8715 -1.21409 0.230808 66 64 75
-31.9591 -23.813 -1.21811 0.208804 65 65 75
-32.2753 -23.4078 -1.21823 0.228412 61 61 69
-36.2715 -19.3743 -1.26551 0.169604 79 82 91
-24.7669 -27.8979 -1.10753 0.225605 29 34 37
-17.9295 -16.6709 -0.714981 0.298009 89 88 106
-17.9554 -16.633 -0.720683 0.379004 47 51 60
-19.0622 -17.1435 -0.732213 0.294011 43 66 74
-36.8365 -19.7047 -1.19037 0.317006 85 89 100
-15.1708 -18.2748 -0.646556 0.268009 53 51 73
-15.1993 -18.2405 -0.644721 0.271 65 63 85
-15.2262 -18.2041 -0.646111 0.341009 66 67 85
-15.2529 -18.1683 -0.647642 0.294011 53 59 71
-15.2796 -18.132 -0.651823 0.297002 57 66 75
-15.309 -18.0994 -0.647632 0.318013 63 64 82
-18.8636 -17.4313 -0.697851 0.176806 111 121 148
-30.4252 -25.7823 -1.0937 0.230411 63 61 62
-25.1517 -27.4028 -0.996687 0.207202 44 43 48
-31.1017 -24.9126 -1.04184 0.2168 68 71 80
-32.2281 -23.4646 -0.988698 0.192401 56 56 66
-32.2729 -23.4063 -0.997701 0.235615 62 64 76
-33.1499 -22.2854 -0.952467 0.228 73 75 88
-32.635 -22.9425 -0.927649 0.246815 73 75 88
-32.6844 -22.8873 -0.924364 0.23801 71 73 86
-32.7266 -22.8272 -0.930805 0.230411 76 78 91
-23.7532 -20.892 -0.708007 0.230015 125 130 162
-32.9945 -22.4764 -0.878484 0.240406 70 72 85
-33.0408 -22.4187 -0.886096 0.2392 72 74 89
-33.0882 -22.3623 -0.886626 0.226001 66 68 80
-33.1348 -22.3048 -0.86443 0.242008 73 75 88
-23.6172 -21.0826 -0.673109 0.190005 86 85 116
-31.4181 -24.508 -0.850377 0.2336 71 70 84
-32.8608 -22.6512 -0.861449 0.217609 69 71 83
-33.3647 -22.016 -0.851516 0.229603 75 77 90
-33.4093 -21.957 -0.852454 0.230808 70 72 85
-20.0179 -21.8092 -0.611084 0.203204 83 98 121
-18.262 -23.4298 -0.599914 0.283009 82 82 94
-18.4516 -23.5804 -0.58916 0.198413 86 88 101
-18.6372 -23.7267 -0.602426 0.223606 92 92 104
-31.8379 -23.9975 -0.7318 0.215213 93 96 111
-31.8797 -23.937 -0.731769 0.208011 88 91 100
-20.2743 -25.0099 -0.55875 0.208804 78 78 88
-31.7995 -24.0604 -0.69629 0.163607 35 33 44
-24.6193 -28.0764 -0.628833 0.266011 54 53 59
-29.5278 -28.8016 -0.706856 0.142412 27 28 32
-32.0724 -23.8663 -0.600424 0.17641 40 38 39
-32.1125 -23.805 -0.606593 0.160006 39 37 40
-36.8573 -19.6859 -0.465185 0.315007 104 107 124
-35.3669 -19.8784 -0.413079 0.218814 45 44 50
-35.4187 -19.8222 -0.40987 0.200412 31 32 37
-35.4618 -19.7601 -0.407297 0.218006 37 36 41
-25.2479 -27.2703 -0.250436 0.240803 47 48 53
-24.8057 -27.8375 -0.11263 0.260014 45 44 50
-24.8482 -27.7811 -0.093478 0.263005 52 51 57
-23.3572 -27.4077 -0.083105 0.196414 72 72 84
-25.046 -27.5232 0.019373 0.214008 56 56 64
-25.1168 -27.4315 0.00156 0.212009 56 55 63
-36.8565 -19.6855 0.073009 0.298009 106 112 128
-20.1506 -10.8582 0.066398 0.136812 97 103 117
-18.7429 -10.0108 0.050342 0.178012 107 113 129
-32.3348 -23.8156 0.13485 0.206012 35 30 34
-36.8575 -19.686 0.124677 0.322011 71 79 92
-36.8588 -19.6867 0.150566 0.357 83 93 105
-32.1686 -23.9069 0.232714 0.198001 65 56 59
-32.2453 -23.8108 0.24218 0.2 71 61 62
-31.9168 -24.2717 0.509149 0.187213 53 44 45
-31.951 -24.2046 0.500182 0.199207 69 57 59
-32.0363 -24.1149 0.511739 0.203601 67 58 61
-32.2196 -23.9444 0.603495 0.195209 66 62 63
-32.2468 -23.8726 0.589322 0.206409 77 72 78
-27.752 -29.7539 0.6585 0.203601 86 84 87
-34.523 -20.9376 0.705195 0.198001 28 26 27
-18.1228 -23.3114 0.554207 0.217609 68 70 83
-18.1193 -23.3068 0.572035 0.215213 69 71 84
-34.5042 -20.926 0.803696 0.200809 48 39 42
-34.5557 -20.8701 0.806341 0.201205 49 43 45
-20.3953 -25.0947 0.87374 0.206012 82 82 92
-19.313 -24.2451 0.870567 0.214008 75 72 83
-32.2212 -24.0372 1.10938 0.212009 50 46 47
-32.253 -23.9687 1.12258 0.207202 53 49 50
-32.2778 -23.895 1.10834 0.194812 58 52 56
-32.3659 -23.7758 1.21015 0.2112 41 32 37
-32.2028 -23.9312 1.24345 0.220005 60 49 53
-30.0245 -28.12 1.36205 0.158801 17 17 19
-32.4086 -24.5817 1.37771 0.329015 33 36 41
-32.3839 -24.6886 1.54368 0.23241 32 31 39
-32.4094 -24.6134 1.53384 0.321004 31 30 35
-32.3966 -23.7064 1.57858 0.206012 76 63 70
-32.3204 -23.926 1.62891 0.195209 61 56 60
-32.1254 -25.0253 1.98296 0.162814 33 32 38
-32.2604 -24.845 1.9989 0.162814 34 33 39
-32.3722 -24.7106 2.08138 0.164401 33 33 35
-32.3072 -23.9157 2.1231 0.199603 78 69 74
-18.3625 -23.4938 1.65625 0.205203 82 81 95
-33.9787 -21.7353 2.2976 0.219211 75 60 63
-34.9188 -20.5653 2.48278 0.182406 42 36 40
-31.6647 -24.7283 2.48071 0.195209 62 53 56
-34.6292 -20.9128 2.50049 0.205203 48 37 43
-34.0435 -21.689 2.535 0.195605 55 44 48
-34.7287 -20.7999 2.54515 0.200412 57 48 51
-29.4288 -27.6623 2.79175 0.195605 47 41 43
-29.5346 -27.5237 2.79871 0.2 59 48 52
-31.3395 -25.1945 2.81821 0.214405 67 57 58
-31.3807 -25.1323 2.80483 0.220813 65 55 56
-31.8754 -24.4856 2.88359 0.197604 60 51 54
-28.9079 -28.4712 2.94203 0.210803 39 33 37
-28.0499 -29.4483 3.0877 0.197208 38 32 36
-24.9718 -27.6079 2.99216 0.219211 43 44 49
-23.997 -28.8649 3.16197 0.148409 27 26 31
-20.7447 -25.6182 2.81216 0.1252 31 30 36
-18.1042 -23.2854 2.55272 0.214801 72 75 80
-34.9519 -19.9821 3.47925 0.199603 48 37 43
-18.1012 -23.2815 2.57063 0.2112 59 60 65
-18.0998 -23.2797 2.58862 0.20441 36 37 42
-18.0379 -23.2001 2.59798 0.218006 25 24 30
-18.4991 -23.7933 2.68307 0.184405 60 59 65
-18.4816 -23.7707 2.73671 0.164401 34 37 42
-23.5849 -29.3818 3.41582 0.134005 28 29 33
-18.487 -23.7776 2.75617 0.169604 34 33 39
-18.4868 -23.7773 2.77473 0.174807 34 35 39
-23.9856 -28.1413 3.3998 0.168811 19 19 21
0 0 0 0.5 0 0 0
-25.2265 -32.4449 3.837 0.122805 22 25 30
-23.9342 -28.9342 3.52925 0.153201 22 22 24
-23.9843 -28.1397 3.46813 0.173602 18 18 20
-32.6668 -22.9304 3.76333 0.210407 51 46 50
-32.7136 -22.8735 3.77188 0.196811 42 37 41
-16.1861 -10.9228 1.84256 0.182803 49 44 48
-33.6151 -21.7061 3.78529 0.218402 43 32 40
-33.6497 -21.6404 3.7854 0.209613 64 58 68
-33.7736 -21.4576 3.78865 0.248402 68 60 71
-18.499 -10.5153 2.02476 0.191608 46 46 54
-19.306 -24.4181 3.02481 0.164813 17 18 22
0 0 0 0.5 0 0 0
-31.9563 -24.1742 3.96646 0.2224 107 102 106
-18.5595 -10.3399 2.10328 0.190005 33 31 42
-36.5356 -20.0911 4.12366 0.302007 55 55 63
-16.458 -9.01116 1.85139 0.187213 90 90 102
-36.6177 -19.9899 4.13102 0.273014 77 82 101
0 0 0 0.5 0 0 0
-25.5267 -32.6577 4.12192 0.127611 41 41 43
-31.6868 -24.619 4.00626 0.203601 67 61 63
-18.5802 -10.262 2.13364 0.159609 49 50 55
-34.1111 -21.6717 4.12724 0.210803 82 82 84
-34.1555 -21.6116 4.1207 0.234409 85 85 87
-17.4317 -10.2947 2.06061 0.168414 79 77 80
-35.2916 -20.1757 4.14291 0.214801 77 77 79
-36.6026 -20.0117 4.26852 0.325002 44 51 57
-32.2274 -24.1006 4.20395 0.229206 110 105 112
-32.2704 -24.0399 4.19804 0.238407 118 113 119
-16.6594 -9.30797 2.03134 0.173205 58 54 51
-36.6809 -19.907 4.42601 0.237613 36 50 63
-20.1824 -10.9214 2.44269 0.162402 47 49 64
-36.7588 -19.8036 4.44683 0.230808 74 86 102
-31.2871 -25.3407 4.31608 0.249607 78 74 73
-32.3944 -23.9166 4.31485 0.238407 72 62 63
-34.5415 -21.1786 4.33506 0.274006 50 46 45
-32.1329 -24.2454 4.32007 0.249607 56 47 48
-32.0264 -24.351 4.35891 0.209613 63 47 47
-32.0899 -24.3058 4.35026 0.219211 55 41 40
-30.7436 -26.0464 4.48176 0.262013 89 84 88
-30.831 -26.0225 4.48514 0.255009 68 62 64
-30.3987 -26.435 4.62119 0.233204 76 66 64
-32.5795 -23.7146 4.63711 0.224414 87 79 76
-32.6688 -23.5353 4.6271 0.249607 88 77 73
-32.7502 -23.4414 4.63294 0.224811 82 69 61
-33.4686 -22.5543 4.65317 0.224002 89 85 84
-32.3337 -23.9942 4.67521 0.239612 89 84 88
-32.0386 -24.422 4.79118 0.240009 51 43 41
-32.0938 -24.3704 4.78241 0.261006 48 44 43
-32.2143 -24.1826 4.79956 0.2224 45 41 42
-32.246 -24.114 4.8072 0.222004 44 40 39
-32.301 -24.0621 4.80317 0.220005 42 41 37
-32.1256 -24.1158 4.9367 0.245212 58 53 50
-35.0459 -20.6091 5.05449 0.239612 26 30 33
-35.1241 -20.5681 5.06913 0.183612 69 77 80
-32.1117 -24.0133 5.01229 0.325002 98 94 109
-34.1496 -21.7542 5.05326 0.283009 78 94 107
-35.0523 -20.7001 5.08131 0.234409 53 51 56
-35.4711 -20.1616 5.10029 0.228412 38 39 43
-19.2757 -24.4711 3.90763 0.114809 17 16 21
-18.2826 -22.9484 3.69115 0.132403 28 29 33
-18.3269 -22.9169 3.69577 0.176013 25 26 30
-34.1558 -21.8463 5.09861 0.240803 43 43 53
-29.4278 -28.9106 5.2001 0.133211 50 54 63
-33.7568 -22.2988 5.12104 0.232013 54 39 42
-33.8497 -22.1515 5.1345 0.242008 60 51 54
-22.8683 -25.8171 4.39897 0.172412 120 131 163
-31.8569 -31.7617 5.75838 0.186404 55 63 84
-21.7294 -24.9298 4.26145 0.21001 118 133 166
-21.9839 -25.128 4.30846 0.175601 101 114 146
-22.2451 -25.3321 4.34814 0.2448 137 151 186
-28.7546 -29.3089 5.33653 0.198001 90 92 105
-28.9872 -29.4373 5.37809 0.383001 140 149 164
-32.04 -24.4225 5.34453 0.246006 101 97 98
-27.9036 -29.7273 5.4838 0.246815 97 95 106
-31.2243 -25.4798 5.43324 0.240803 90 89 95
-32.2357 -24.198 5.43169 0.242008 98 87 91
-31.0648 -25.7329 5.52603 0.216007 105 102 111
-32.8268 -23.4953 5.5507 0.220005 95 94 100
-33.8494 -22.2402 5.56323 0.243214 65 65 65
-30.9672 -25.9422 5.57593 0.245212 73 72 80
-31.3803 -25.4149 5.5878 0.242008 69 64 71
-32.4086 -24.0797 5.5779 0.280003 58 59 61
-32.4847 -23.982 5.58471 0.240803 58 59 63
-24.5088 -27.0935 5.07172 0.156008 70 75 79
-30.8961 -25.9797 5.60513 0.267002 40 38 41
-30.7935 -26.0875 5.6221 0.270008 62 60 63
-28.6751 -29.3354 5.73454 0.23241 83 77 81
-28.7564 -29.3104 5.74779 0.2112 87 89 102
-28.9836 -29.4331 5.79092 0.366003 122 130 143
-30.8163 -26.0092 5.74114 0.242008 104 101 108
-30.4934 -26.7138 5.81468 0.24361 101 95 97
-30.5409 -26.6562 5.80265 0.274006 95 89 91
-30.5867 -26.5972 5.81415 0.242405 88 82 84
-30.7681 -26.0662 5.76898 0.274006 107 105 116
-21.4584 -12.4417 3.57075 0.090013 66 62 63
-20.8991 -12.0664 3.46793 0.162814 61 59 60
-20.2942 -23.8084 4.51324 0.198413 110 125 158
-23.3106 -26.1539 5.07108 0.162814 77 81 93
-25.145 -27.3888 5.36687 0.206409 69 69 79
-32.7768 -23.4901 5.81581 0.28101 104 102 107
-34.0085 -21.8992 5.8377 0.242008 103 97 101
-19.7347 -11.3135 3.28261 0.191211 36 32 31
-30.4029 -26.8333 5.9351 0.284001 105 99 101
-32.2283 -24.1919 5.91008 0.236805 90 86 87
-34.0596 -21.8434 5.93607 0.298009 116 104 106
-18.5403 -22.4115 4.29245 0.4 128 143 172
-18.788 -22.6259 4.34143 0.179202 139 153 190
-31.3351 -25.3778 5.98381 0.238407 96 86 85
-31.3795 -25.3191 5.98479 0.229603 104 94 92
-31.4253 -25.26 5.98548 0.240406 105 94 92
-32.7338 -23.5502 5.96356 0.259007 111 106 112
-29.9595 -27.2372 6.05715 0.288014 85 85 93
-30.0072 -27.1793 6.06366 0.270008 76 76 84
-31.4742 -25.2676 6.03631 0.2224 84 73 79
-6.78563 -4.39336 1.21393 0.233204 40 40 38
-6.73829 -4.35098 1.20374 0.172808 36 40 41
-6.90502 -4.44057 1.23237 0.179614 37 41 40
-32.4069 -24.5762 6.12071 0.200809 38 41 46
-6.90714 -4.50233 1.24182 0.161212 46 44 47
-29.7734 -27.3693 6.10868 0.228 48 43 39
-15.9111 -20.4625 3.93967 0.294011 43 43 43
-15.8613 -20.3985 3.94359 0.259007 43 41 46
-15.8138 -20.3374 3.94792 0.192813 45 39 51
-15.9519 -20.4069 3.96612 0.207614 147 146 186
-30.0921 -28.0746 6.30215 0.114809 61 67 81
-30.1338 -28.0105 6.29955 0.109209 60 67 83
-15.7386 -20.2406 3.94532 0.195209 47 44 61
-15.7381 -20.24 3.96128 0.203601 122 126 151
-29.8979 -27.181 6.24754 0.233204 96 85 81
-15.7375 -20.2392 3.97681 0.206806 90 97 125
-29.8821 -28.2931 6.37158 0.328008 76 80 91
-29.7847 -28.4098 6.41139 0.393011 124 136 158
-29.8126 -28.3316 6.39779 0.417014 139 151 177
-29.758 -27.355 6.30895 0.231205 92 83 78
-32.3964 -31.1291 7.05579 0.264012 49 53 65
-32.8042 -30.6046 7.0953 0.312001 59 65 79
-31.8278 -31.8477 7.29876 0.262013 50 56 68
-32.5551 -23.9093 6.53296 0.282002 83 84 89
-32.8837 -23.4744 6.53994 0.234012 77 71 73
-34.0093 -21.9879 6.56588 0.227207 58 56 57
-31.4857 -25.2762 6.57187 0.254002 46 40 42
-30.5424 -26.6566 6.61759 0.242405 94 88 90
-6.71646 -3.88353 1.26627 0.164401 44 40 41
-19.7772 -11.1449 3.71002 0.150011 58 54 55
-29.0316 -29.3724 6.76366 0.390005 108 118 130
-6.65029 -3.81253 1.25563 0.189212 49 44 48
-28.7487 -29.3013 6.75151 0.202014 90 81 82
-36.4714 -20.1698 6.90383 0.29601 107 115 126
-7.95049 -4.24539 1.49595 0.184405 57 54 63
-17.9545 -9.81526 3.39935 0.153201 89 90 108
-28.1851 -29.3689 6.81491 0.246815 95 89 91
-29.1966 -29.1075 6.88174 0.451011 154 165 195
-29.2413 -29.0445 6.89134 0.426001 153 162 195
-30.6333 -26.538 6.80935 0.273014 78 73 77
-29.8849 -28.2254 6.92273 0.426001 144 145 176
-30.0237 -28.0442 6.91348 0.415015 124 131 150
-30.0726 -27.9868 6.90677 0.394003 113 121 140
-30.1191 -27.9268 6.92284 0.41001 97 97 107
-29.9677 -27.684 6.87341 0.238407 62 53 54
-31.3627 -25.3047 6.79314 0.247211 93 84 85
-27.9956 -29.6055 6.87856 0.240406 78 76 79
-29.1505 -29.1684 6.97068 0.329015 152 153 181
-29.5538 -28.6428 6.94735 0.41001 153 162 195
-30.4018 -26.8313 6.85302 0.25301 99 90 91
-34.3449 -21.4937 6.83741 0.235203 100 88 88
-29.6092 -28.5909 6.9926 0.378012 131 142 160
-20.4886 -11.6956 4.01057 0.167208 64 59 63
-32.6867 -23.6068 6.87561 0.255009 114 110 111
-34.0666 -21.847 6.90557 0.228809 97 86 84
-28.3099 -29.2824 6.99454 0.212802 91 93 92
-32.7626 -23.5091 6.91976 0.232807 115 106 107
-19.6037 -11.5274 3.91237 0.205203 50 50 50
-27.5919 -30.1645 7.09425 0.261006 62 53 56
-31.6911 -32.0231 7.81021 0.261006 56 60 71
-31.7106 -24.9486 7.03427 0.218006 47 41 45
-32.7529 -23.6544 7.01814 0.305013 82 84 83
-31.5068 -25.1984 7.04123 0.242008 50 45 51
-33.0629 -23.1754 7.0617 0.218814 49 45 42
-27.6731 -30.0299 7.26889 0.261006 97 91 95
-29.6532 -34.6562 8.27583 0.249607 39 36 45
-30.2796 -33.8442 8.25894 0.270008 48 52 61
-27.5671 -30.1737 7.42106 0.232807 99 84 91
-32.7501 -30.6658 8.15982 0.304006 59 65 79
-34.0142 -21.9014 7.39413 0.237613 94 84 83
-34.0596 -21.842 7.39116 0.24921 99 89 88
-33.1163 -23.0606 7.39465 0.2224 88 78 76
-29.3855 -34.8598 8.38999 0.195605 46 49 58
-26.7855 -32.2552 7.77647 0.350011 105 116 134
-31.4594 -25.3176 7.48392 0.263005 95 86 89
-29.8096 -34.4522 8.47035 0.242008 58 62 74
-29.8607 -34.3829 8.48723 0.246815 57 61 73
-33.0814 -23.1883 7.52659 0.238804 41 35 37
-27.1271 -31.8222 7.85385 0.344015 108 114 138
-27.0597 -31.8622 7.9012 0.358007 85 98 115
-25.9613 -32.2164 7.82408 0.2392 93 85 83
-27.5458 -30.1861 7.74998 0.240803 83 74 67
-34.4794 -21.3115 7.69721 0.217609 87 75 75
-34.525 -21.254 7.70134 0.214405 70 60 59
-34.5704 -21.1931 7.69926 0.224811 77 67 66
-15.7373 -20.2378 4.88483 0.209613 126 135 174
-15.7385 -20.2393 4.9016 0.216403 134 142 179
-29.8799 -34.3619 8.69504 0.235615 58 62 74
-27.5769 -30.1472 7.81583 0.229603 93 82 78
-27.6256 -30.0885 7.80514 0.224002 90 79 75
-28.2287 -29.3052 7.78305 0.236408 95 85 84
-31.3956 -25.2661 7.69926 0.22121 90 79 77
-15.7369 -20.2372 4.91735 0.219211 156 169 204
-16.4397 -20.7897 5.08675 0.167605 100 107 123
-15.7404 -20.2416 4.9349 0.210803 145 160 193
-26.5615 -32.1053 8.01858 0.233204 78 76 81
-34.4158 -21.4485 7.80731 0.222812 97 87 86
-34.4614 -21.39 7.81346 0.223209 72 66 66
-15.7394 -20.2403 4.95048 0.21001 153 169 195
-33.955 -21.9809 7.81334 0.24921 97 92 98
-33.9859 -21.9417 7.80948 0.248005 101 96 102
-15.7508 -20.255 4.97036 0.218006 148 163 182
-29.8825 -34.3648 8.84135 0.364004 44 51 61
-28.1059 -29.502 7.88939 0.240803 88 82 82
-33.6368 -22.3954 7.83401 0.254002 91 81 80
-34.0153 -21.9017 7.83112 0.241611 101 96 102
-15.7479 -20.2513 4.98581 0.19881 32 42 54
-31.3792 -25.2854 7.82346 0.234012 86 75 73
-15.7285 -20.2263 4.996 0.174014 32 39 49
-32.7348 -23.549 7.87473 0.223606 90 76 73
-15.7329 -20.232 5.01376 0.167208 103 105 117
-25.9599 -32.2144 8.08716 0.242802 94 84 82
-28.3825 -29.1401 7.96074 0.2336 67 57 58
-31.6989 -24.8753 7.87692 0.269001 100 94 96
-15.7369 -20.2371 5.03153 0.173602 109 111 124
-25.8684 -32.4664 8.17975 0.21561 79 68 62
-31.7293 -31.7474 8.84124 0.284001 44 48 60
-33.6351 -22.4837 7.95433 0.204013 89 82 89
-25.7224 -32.5283 8.19686 0.216403 82 69 63
-27.6447 -30.0712 8.10706 0.241611 92 81 79
-33.1332 -23.1026 8.01648 0.259007 55 51 52
-34.5888 -21.2041 8.03932 0.258015 69 63 63
-31.7552 -31.7343 8.95862 0.291005 44 46 58
-31.7836 -31.6849 8.94451 0.24921 41 44 51
-29.2655 -29.0671 8.23263 0.369009 73 81 100
-29.308 -29.0018 8.21787 0.236805 92 98 112
-31.1664 -25.5585 8.05982 0.236408 75 69 71
-31.2133 -25.5003 8.07199 0.25301 63 48 55
-30.2296 -33.9137 9.13343 0.242008 43 47 56
-31.382 -25.2874 8.08164 0.2168 76 62 61
-34.2172 -21.6468 8.12454 0.252003 54 52 55
-27.8772 -29.8062 8.22525 0.259007 75 67 65
-31.4981 -25.2211 8.12087 0.222004 80 75 72
-34.9184 -20.7625 8.18415 0.20441 39 28 32
-29.9252 -34.1159 9.16482 0.230411 42 46 57
-26.0362 -32.2687 8.41872 0.254002 63 63 63
-26.7198 -31.8556 8.43648 0.208804 50 46 45
-26.9029 -31.9541 8.45968 0.218402 43 37 41
-25.5596 -32.8683 8.46519 0.227604 66 57 60
-26.7481 -31.8494 8.45504 0.217609 48 44 43
-26.911 -31.9233 8.48141 0.218402 43 37 39
-27.0139 -31.9265 8.4984 0.408011 32 42 41
-31.0762 -25.6756 8.20336 0.237201 97 87 88
-31.6967 -24.8732 8.18503 0.246815 93 92 88
-25.5606 -32.8695 8.49163 0.263005 94 88 92
-25.5854 -32.7704 8.48226 0.2448 51 45 47
-31.8051 -24.7387 8.22505 0.262013 95 91 92
-19.0405 -11.0081 4.48327 0.136812 50 44 46
-34.3317 -21.5126 8.29058 0.2336 58 56 57
-29.7921 -34.1758 9.30606 0.270008 25 26 31
-27.4638 -31.3877 8.56825 0.328008 34 35 39
-31.9299 -24.5845 8.27602 0.2448 101 99 100
-33.6266 -22.418 8.29699 0.227604 75 65 66
-33.9637 -21.9861 8.30603 0.246006 96 87 88
-26.812 -31.7271 8.5479 0.227604 40 38 39
-31.6685 -24.9141 8.33315 0.227207 79 65 64
-31.7159 -24.857 8.3155 0.224002 78 67 63
-32.4769 -23.881 8.33573 0.247211 94 84 83
-33.4506 -22.6284 8.33828 0.268009 102 96 96
-28.2438 -29.3202 8.43683 0.245609 49 45 44
-28.2781 -29.2479 8.43572 0.254002 73 67 69
-33.3458 -22.7672 8.35047 0.242405 99 93 95
-27.8317 -29.9044 8.48465 0.228 49 39 38
-33.6107 -22.4674 8.38821 0.22681 93 83 82
-30.7257 -26.157 8.40533 0.2448 106 101 105
-30.7657 -26.126 8.41854 0.208408 101 96 100
-27.7903 -30.007 8.56139 0.216403 94 82 82
-27.9727 -29.6518 8.56226 0.222812 87 58 62
-32.7867 -23.6165 8.46651 0.289006 69 63 67
-32.8293 -23.5554 8.47606 0.260014 67 62 66
-34.4732 -21.4547 8.50998 0.217609 70 58 58
-34.3768 -21.4831 8.52405 0.23241 82 71 69
-29.7434 -27.3734 8.59373 0.24921 92 82 83
-31.3106 -25.3872 8.54596 0.245212 68 57 61
-28.6611 -28.747 8.64617 0.243214 86 84 87
-28.7338 -28.7142 8.65247 0.227604 97 93 94
-29.2015 -28.5085 8.70343 0.224811 32 28 27
-29.2952 -28.495 8.70521 0.2168 25 24 22
-29.375 -28.3978 8.70532 0.229206 29 27 28
-34.4765 -21.3986 8.6473 0.219211 76 67 68
-25.5566 -32.864 8.89045 0.258015 87 85 88
-27.5784 -30.1478 8.73072 0.245609 89 83 85
-28.5859 -28.8482 8.68867 0.237613 88 84 85
-26.7304 -31.2388 8.82441 0.252003 55 47 44
-26.7541 -31.1496 8.78822 0.263005 75 69 71
-26.7987 -31.0868 8.79584 0.240009 61 48 57
-28.4595 -29.1114 8.73516 0.216403 55 50 46
-29.5599 -27.609 8.66058 0.266011 113 104 107
-29.6288 -27.5718 8.66047 0.250004 74 68 70
-34.2842 -21.5718 8.69614 0.260014 100 95 99
-29.2946 -27.9396 8.7241 0.2224 61 51 50
-29.7586 -27.3529 8.72224 0.254002 87 81 81
-29.8049 -27.2946 8.72264 0.240803 88 82 82
-29.8485 -27.234 8.70053 0.238804 90 82 80
-34.9066 -20.7844 8.7466 0.232807 75 69 71
-17.9375 -9.87626 4.40903 0.195605 26 33 43
-36.5755 -20.0498 8.99516 0.359014 85 116 119
-34.9343 -20.7428 8.7817 0.213611 75 69 69
-28.1968 -29.3787 8.86615 0.229206 67 62 59
-28.1906 -29.4807 8.89849 0.2336 79 74 71
-33.2552 -22.9452 8.80838 0.242802 74 68 70
-33.2773 -22.8702 8.79243 0.262013 88 82 82
-34.8611 -20.9314 8.92459 0.222812 72 61 67
-33.6911 -22.4608 8.96303 0.242008 50 44 48
-7.06767 -3.99972 1.83568 0.150408 53 51 52
-35.4677 -20.1285 9.38968 0.212009 54 52 55
-25.4055 -32.6686 9.69139 0.217212 33 27 29
-25.2369 -32.4517 9.65402 0.217609 50 41 44
-28.8406 -28.2934 9.59687 0.251011 38 38 40
-25.2609 -32.3964 9.90302 0.285008 62 62 70
-35.2583 -19.6097 9.69683 0.226001 91 85 87
-35.492 -19.3138 9.74552 0.236408 93 90 97
-6.19852 -3.35854 1.70103 0.173205 43 36 43
-29.2975 -27.2292 9.75024 0.240009 85 77 75
-29.0954 -27.4764 9.78954 0.237201 89 80 81
-25.1556 -32.3467 10.049 0.272007 54 52 57
-25.1371 -32.3229 10.0682 0.212009 46 43 52
-30.2744 -25.9639 9.93583 0.238804 44 40 41
-31.6331 -24.231 9.94533 0.234806 49 48 54
-31.6982 -24.0963 9.95104 0.25301 67 64 71
-31.7681 -24.057 9.94388 0.280003 50 48 53
-17.6481 -10.7293 5.18171 0.184802 49 45 46
-36.6984 -19.8819 10.5061 0.279011 100 101 121
-31.3442 -24.3782 10.0837 0.216403 102 103 121
-31.9201 -24.6683 10.6859 0.260014 110 108 119
-33.7815 -22.2805 10.7384 0.256001 109 108 116
-27.1741 -31.0544 10.9936 0.250004 83 83 91
-25.4674 -32.7464 11.1516 0.241611 54 49 56
-25.4674 -32.7465 11.1788 0.236805 86 81 88
-27.7493 -29.9973 11.0173 0.234012 78 79 84
-33.5698 -22.5568 10.9186 0.241611 101 100 106
-29.8728 -27.5919 11.0168 0.240406 66 67 72
-30.1882 -26.8697 10.9409 0.25301 96 95 103
-30.2326 -26.8097 10.9483 0.241611 98 98 106
-30.2794 -26.752 10.9379 0.232807 97 97 105
-27.2307 -30.7738 11.1503 0.259007 56 53 60
-27.2791 -30.7142 11.1568 0.252003 82 79 86
-25.5841 -32.4723 11.2656 0.235203 43 40 51
-27.4088 -30.5192 11.2234 0.258015 57 60 69
-27.4558 -30.4585 11.2219 0.250004 62 62 70
-27.5111 -30.4065 11.2136 0.280003 67 71 80
-27.5562 -30.3442 11.2187 0.263005 61 65 74
-6.91485 -3.69173 2.14407 0.132815 131 136 156
-28.6844 -28.9096 11.1794 0.259007 76 76 88
-6.90592 -3.68696 2.14649 0.166415 127 123 146
-28.6367 -28.9678 11.1848 0.234012 71 74 79
-28.7756 -28.7884 11.1856 0.241215 71 75 86
-29.1486 -28.3149 11.1589 0.270008 90 93 102
-33.8711 -22.072 11.1024 0.242008 59 58 63
-29.1956 -28.2562 11.2018 0.264012 71 73 88
-30.3269 -26.5623 11.1143 0.255009 60 59 67
-33.629 -22.3576 11.1132 0.272007 61 64 69
-16.8729 -11.1732 5.5739 0.143603 57 58 62
-30.3739 -26.5048 11.1254 0.246006 50 48 59
-30.651 -26.1556 11.1201 0.254002 59 48 56
-30.6995 -26.0993 11.1323 0.227604 62 52 60
-30.7422 -26.0387 11.1165 0.242802 66 61 65
-31.3808 -25.2193 11.1245 0.244007 56 55 60
-31.4373 -25.1693 11.1122 0.249607 55 59 60
-17.4241 -11.3086 5.75735 0.173602 86 87 91
-18.7987 -12.1516 6.21179 0.149615 98 98 110
-18.6787 -12.0253 6.15825 0.150805 88 92 104
-34.4528 -21.2343 11.2272 0.248402 72 75 82
-33.325 -22.6904 11.2219 0.314 69 76 82
-33.3729 -22.6329 11.223 0.263005 68 73 79
-34.9175 -20.6147 11.266 0.236805 47 44 53
-17.6075 -10.3516 5.67729 0.185611 34 35 39
-26.2534 -32.331 11.6017 0.271 102 100 113
-29.1939 -35.0188 12.7479 0.290013 54 58 67
-29.2692 -34.9773 12.7445 0.194812 65 67 79
-29.5861 -34.745 12.7623 0.269001 166 173 192
-31.7953 -24.6027 11.3138 0.452003 129 125 142
-31.8029 -24.515 11.2913 0.219608 122 121 135
-32.7133 -23.7444 11.4377 0.270008 125 122 133
-31.4303 -32.1467 12.7569 0.293004 65 67 80
-32.2101 -24.3903 11.4379 0.258015 122 120 125
-32.2377 -24.3488 11.4567 0.245212 124 121 130
-32.7281 -23.7245 11.4475 0.259007 125 122 133
-33.1728 -23.1571 11.4961 0.254002 124 124 134
-31.3519 -25.482 11.5161 0.279011 100 98 103
-31.9926 -24.6612 11.4924 0.286015 121 119 130
-32.0425 -24.606 11.5002 0.304006 125 125 137
-32.0861 -24.5456 11.5018 0.297002 124 126 138
-30.8935 -26.068 11.741 0.294011 124 122 133
-32.2982 -31.258 13.2587 0.287007 70 76 90
-32.3492 -31.1919 13.2589 0.262013 69 75 89
-32.0397 -31.5833 13.6328 0.246403 66 74 85
-32.0916 -31.5188 13.6642 0.245609 69 72 87
-32.1912 -31.3844 13.6305 0.355001 68 74 88
-30.5232 -26.7331 12.3755 0.271 116 114 127
-30.5676 -26.6726 12.3575 0.252003 117 114 125
-30.6158 -26.6157 12.374 0.263005 110 108 119
-30.662 -26.5571 12.3732 0.274006 93 88 95
-30.7103 -26.3028 12.3127 0.290013 122 119 130
-30.7557 -26.2438 12.3156 0.32401 120 117 126
-27.833 -30.8753 12.7317 0.328008 68 60 75
-27.9334 -30.7582 12.7276 0.286015 61 61 73
-15.5754 -10.0271 5.66594 0.152804 120 122 135
-28.0244 -30.631 12.7411 0.358007 96 94 107
-27.8307 -30.3065 12.6177 0.246006 53 53 65
-15.4126 -10.1241 5.65211 0.164004 106 108 129
-33.9275 -22.1955 12.4376 0.247608 123 122 138
-33.9737 -22.138 12.4328 0.252003 122 117 123
-34.0217 -22.0798 12.4314 0.254002 112 106 118
-35.5548 -20.1164 12.5408 0.302007 111 114 129
-29.1877 -29.1993 12.6927 0.267002 92 98 112
-29.2309 -29.1353 12.6792 0.350011 89 94 114
-17.2962 -9.95499 6.13659 0.215213 32 33 37
-36.8593 -19.6754 12.8478 0.354009 139 147 166
-17.4452 -10.1695 6.22518 0.19881 33 25 36
-36.8587 -19.6751 12.8757 0.317006 132 144 170
-30.8162 -26.1647 12.487 0.290013 128 127 135
-36.8638 -19.6778 12.9062 0.260014 135 148 167
-36.4644 -20.1899 12.8842 0.297002 63 68 90
-18.6556 -9.95856 6.54563 0.218402 133 147 156
-33.8813 -22.2546 12.5614 0.24921 116 114 127
-15.4312 -10.0955 5.71907 0.168811 118 113 120
-34.0654 -22.019 12.5834 0.260014 130 129 145
-33.9752 -22.1389 12.5964 0.254002 112 107 113
-17.3868 -10.2213 6.26576 0.189212 42 39 46
-35.3703 -20.3572 12.6868 0.2448 97 102 108
-35.4145 -20.2959 12.6791 0.303014 87 89 101
-18.6424 -9.9515 6.56936 0.2112 32 42 34
-33.8808 -22.2542 12.6157 0.250004 111 115 127
-35.4613 -20.2368 12.7052 0.258015 111 114 133
-18.6413 -9.95089 6.58304 0.199603 26 31 25
-19.9345 -11.8678 7.23721 0.1364 85 85 93
-27.9752 -29.7955 13.2002 0.238804 99 101 114
-30.5109 -33.5536 15.2758 0.271 47 50 59
-30.5638 -33.4864 15.2803 0.283009 50 53 60
-30.6125 -33.4171 15.2669 0.287007 43 46 55
-31.6809 -32.0443 15.1584 0.297002 64 67 82
-32.2466 -31.3214 15.1228 0.274006 63 66 81
-25.57 -32.875 14.1019 0.240803 96 105 110
-25.5525 -32.8523 14.1209 0.2392 67 61 73
-25.5836 -32.8053 14.1326 0.252003 82 71 85
-25.5529 -32.8528 14.1496 0.228809 89 75 92
-27.9988 -30.7143 14.1354 0.318013 76 79 84
-30.5644 -26.6684 13.7851 0.24921 111 108 115
-32.0942 -31.5196 15.3428 0.29601 60 66 80
-16.8294 -9.85137 6.65775 0.197208 40 39 37
-16.107 -9.3889 6.36813 0.157214 47 40 48
-35.2717 -20.4729 13.9176 0.233204 88 85 96
-35.3212 -20.4151 13.9217 0.269001 90 97 105
-16.704 -9.61359 6.58086 0.162402 81 81 93
-30.5156 -26.725 13.8866 0.236805 116 111 118
-17.0788 -10.0397 6.77382 0.174807 47 48 53
-20.3091 -10.8406 7.8759 0.122805 65 58 76
-36.8633 -19.6763 14.3244 0.274006 95 89 115
-36.8616 -19.6754 14.3524 0.318013 128 135 153
-32.0366 -24.5991 13.8967 0.234806 128 134 150
-33.5749 -22.6476 13.9239 0.186007 116 116 124
-36.8638 -19.6766 14.3818 0.312001 131 147 172
-15.3707 -9.97504 6.31313 0.194415 58 56 59
-15.4589 -9.99182 6.34863 0.134401 42 43 63
-20.2994 -10.8353 7.93529 0.160403 116 127 147
-32.1907 -24.4045 13.9479 0.33901 73 78 100
-35.1371 -20.6545 14.0763 0.231601 96 97 102
-17.3619 -9.94965 6.91012 0.180804 44 55 61
-36.8637 -19.6765 14.4393 0.226001 80 78 99
-28.9832 -34.7626 15.6784 0.190402 53 56 65
-32.0073 -24.6386 13.9875 0.274006 114 120 136
-33.512 -22.7247 14.0275 0.245212 128 128 140
-36.8598 -19.6744 14.4664 0.266011 131 140 173
-25.6086 -32.6671 14.3941 0.247211 64 63 71
-26.2133 -32.3182 14.442 0.218814 59 58 66
-29.8729 -28.276 14.3103 0.241611 143 150 168
-25.5012 -32.786 14.4638 0.241215 94 90 104
-29.9128 -34.3069 15.8519 0.286015 52 55 64
-29.9661 -34.2401 15.8541 0.248402 48 51 60
-25.491 -32.7729 14.4866 0.247211 73 70 81
-33.5092 -22.7226 14.138 0.237613 125 131 147
-25.4829 -32.7624 14.5105 0.222004 66 67 72
-30.1041 -34.0582 15.8936 0.247608 42 49 55
-30.0196 -34.1737 16.0075 0.276005 50 53 60
-18.3392 -12.126 7.79303 0.170001 43 49 63
-33.6363 -22.5684 14.3776 0.288014 58 52 66
-18.2281 -12.1818 7.79401 0.198001 110 99 116
-33.7126 -22.4701 14.3916 0.244404 113 106 124
-16.2553 -10.7914 6.9247 0.174411 79 74 80
-6.63866 -3.61219 2.6825 0.164401 134 144 156
-32.0382 -24.5999 14.3704 0.291005 129 132 147
-33.3104 -22.9781 14.3994 0.248005 130 133 148
-33.3553 -22.9186 14.4138 0.233204 131 129 142
-32.0836 -24.541 14.4018 0.270008 127 130 147
-30.2299 -33.6561 16.1679 0.274006 52 54 66
-16.0885 -11.9805 7.15984 0.098802 110 112 124
-33.6037 -22.6064 14.5515 0.317006 129 137 156
-31.7639 -24.9514 14.5843 0.248814 129 131 144
-33.9247 -22.1917 14.6231 0.240009 48 52 61
-27.9135 -29.8377 14.7739 0.230411 80 80 90
-33.9728 -22.135 14.6461 0.262013 116 114 127
-25.8677 -32.4573 15.0331 0.238407 104 103 117
-32.406 -24.1314 14.6175 0.246006 116 110 120
-31.8083 -24.8918 14.6902 0.247608 129 127 140
-34.2531 -21.7819 14.764 0.240009 98 101 118
-27.8325 -30.3057 15.1224 0.272007 61 64 69
-31.3544 -25.4807 14.8677 0.265003 137 140 157
-31.566 -25.2057 14.8405 0.318013 131 133 148
-25.5728 -32.8772 15.3402 0.245212 103 106 115
-31.8416 -24.8547 14.8715 0.286015 130 131 151
-32.1315 -24.4834 14.8841 0.298009 129 130 151
-32.1769 -24.4242 14.8692 0.319005 134 135 155
-25.5719 -32.8759 15.369 0.240009 100 103 110
-28.5452 -29.4081 15.1249 0.243214 99 99 109
-31.0055 -31.015 16.2147 0.224002 65 68 83
-29.2375 -29.1392 15.2819 0.307012 86 94 113
-31.4427 -25.361 14.9478 0.248814 135 138 153
-25.7377 -32.6624 15.421 0.252003 110 110 122
-25.7889 -32.6037 15.4043 0.241215 108 108 118
-26.7673 -32.1437 15.5144 0.222812 48 49 53
-31.7209 -30.3578 16.2829 0.199603 61 64 79
-32.2223 -24.3652 14.9695 0.263005 114 120 132
-16.6015 -10.6717 7.31202 0.182803 85 83 96
-31.7642 -24.9513 15.0063 0.256001 90 99 104
-31.9315 -24.7361 14.9802 0.293004 108 115 125
-25.5408 -32.8357 15.4954 0.219211 79 79 89
-26.993 -32.0124 15.6215 0.355001 49 54 60
-25.5348 -32.828 15.5206 0.234012 63 63 73
-27.0934 -31.8929 15.6361 0.23241 49 48 53
-31.916 -24.6919 15.0624 0.244007 117 114 125
-33.7428 -22.4293 15.1108 0.228809 85 79 91
-25.5342 -32.8272 15.5495 0.219608 78 78 88
-31.8721 -24.7527 15.0691 0.270008 119 123 135
-25.5311 -32.8231 15.5766 0.23241 96 95 109
-18.0805 -10.5831 7.84895 0.121202 106 102 116
-32.3139 -24.2478 15.1763 0.306004 131 132 150
-34.1124 -21.9575 15.216 0.22681 42 56 65
-27.1235 -31.8089 15.7406 0.231601 44 45 49
-27.1918 -31.7701 15.7404 0.238407 36 37 41
-27.698 -30.1589 15.393 0.241611 106 108 121
-28.311 -29.3823 15.3483 0.246006 109 108 122
-28.3669 -29.3321 15.3528 0.23801 104 110 122
-18.6701 -11.7756 8.29563 0.186007 60 57 66
-28.5947 -29.3499 15.4414 0.232013 67 62 69
-33.6933 -26.5334 16.1527 0.206012 91 95 120
-15.3423 -9.79569 6.85976 0.170809 58 73 78
-17.5962 -10.1265 7.65028 0.181201 96 99 106
-27.6413 -31.1163 15.7143 0.212802 35 36 40
-27.6014 -30.9571 15.6652 0.207202 41 40 45
-27.7759 -30.0212 15.4431 0.241215 86 84 95
-20.112 -11.6733 8.77397 0.164401 104 104 114
-33.7851 -26.1378 16.1537 0.207614 91 95 120
-33.9725 -22.1343 15.3241 0.264012 129 124 144
-34.5292 -21.4253 15.3719 0.25301 126 120 134
-34.5782 -21.3657 15.3702 0.24921 119 113 123
-26.7036 -31.7491 15.7372 0.245609 66 65 71
-27.8886 -29.9208 15.4909 0.316014 118 121 136
-26.7868 -31.6498 15.7595 0.250004 73 73 75
-27.6985 -30.1594 15.5365 0.260014 107 107 115
-27.7375 -30.0906 15.5365 0.25301 82 81 89
-29.171 -29.1795 15.6592 0.36701 42 41 47
-29.2169 -29.1183 15.6754 0.337011 43 44 49
-30.6557 -26.5488 15.4041 0.237201 90 85 92
-33.583 -26.1808 16.1544 0.218006 92 96 121
-31.5555 -25.2288 15.3563 0.248402 126 124 138
-33.4343 -26.1636 16.1533 0.213214 94 98 123
-16.9697 -10.3568 7.56311 0.169604 74 71 78
-27.4847 -30.4475 15.6443 0.283009 117 120 139
-30.5038 -29.809 16.2586 0.199207 31 32 37
-31.1697 -25.7138 15.385 0.24921 132 137 156
-31.0325 -25.89 15.441 0.278004 135 138 157
-27.5909 -30.3028 15.6791 0.248005 123 122 140
-33.4856 -25.8082 16.1558 0.206012 94 98 123
-26.5558 -31.6904 15.8477 0.218006 87 86 91
-27.9659 -29.8193 15.6594 0.276005 65 70 76
-27.9958 -29.7781 15.6689 0.266011 65 68 73
-35.0446 -20.7733 15.594 0.225605 84 83 91
-35.557 -20.115 15.6572 0.300008 110 112 124
-27.6709 -30.0919 15.6982 0.248005 114 112 126
-28.4518 -29.203 15.6511 0.223209 106 106 116
-31.5823 -25.1861 15.5086 0.255009 124 124 136
-34.0681 -22.0176 15.571 0.214405 105 110 116
-19.2178 -11.2962 8.55157 0.203601 81 75 87
-30.7138 -26.3027 15.565 0.247608 125 126 144
-30.7564 -26.2412 15.5377 0.251011 123 124 144
-34.486 -21.4852 15.623 0.23801 99 101 113
-35.3229 -20.4147 15.6794 0.244007 110 112 124
-32.9233 -25.9595 16.1505 0.200412 84 88 113
-19.4933 -12.0956 8.83933 0.126802 128 120 133
-16.7113 -9.61712 7.42852 0.154406 65 72 80
-27.465 -30.4636 15.8343 0.271 126 129 146
-27.9026 -29.825 15.769 0.23801 85 82 93
-28.2981 -29.3322 15.7318 0.25301 88 88 100
-28.3636 -29.292 15.7394 0.260014 87 89 101
-29.1486 -28.7298 15.8051 0.21001 43 41 46
-30.9837 -25.9462 15.6125 0.257008 124 124 136
-31.0305 -25.8882 15.6105 0.291005 126 125 139
-32.8054 -23.6233 15.5932 0.259007 125 123 136
-28.5127 -29.1223 15.7569 0.236408 111 111 121
-29.2805 -28.6488 15.8282 0.224414 37 35 40
-29.2941 -28.5564 15.8346 0.22121 40 38 43
-30.9408 -26.0075 15.6291 0.259007 124 123 137
-31.2609 -25.5958 15.6358 0.294011 129 131 143
-29.5497 -28.1064 15.8075 0.261006 66 65 70
-30.0596 -27.1167 15.677 0.288014 132 135 154
-30.1096 -27.0616 15.6731 0.266011 132 137 156
-15.5371 -10.4106 7.24362 0.166812 97 89 102
-25.794 -32.4863 16.1154 0.218814 87 86 94
-31.4462 -25.3631 15.687 0.265003 127 129 142
-16.8251 -10.4967 7.69535 0.167208 116 116 128
-29.1172 -28.6637 15.891 0.246006 63 62 67
-32.989 -23.388 15.7085 0.246815 117 115 126
-33.0372 -23.3307 15.7359 0.236408 134 132 146
-29.1776 -28.5827 15.9014 0.230808 52 51 56
-29.2554 -28.4837 15.9184 0.242405 44 43 48
-29.5806 -28.067 15.8733 0.272007 47 48 50
-31.2894 -25.5553 15.736 0.313008 132 134 149
-25.9283 -32.4088 16.204 0.276005 137 135 149
-29.3308 -28.3822 15.9334 0.242008 41 42 46
-29.5438 -27.8595 15.8413 0.219608 43 40 49
-30.0617 -27.1184 15.7925 0.254002 115 118 137
-27.8872 -29.8084 15.9617 0.2056 107 110 125
-28.6879 -28.9082 15.9329 0.255009 103 97 107
-18.0319 -11.8428 8.42528 0.182406 71 70 76
-18.1834 -10.9908 8.30215 0.182406 76 85 90
-26.2764 -31.9897 16.2176 0.264012 117 119 134
-26.3236 -31.9273 16.2188 0.271 114 116 131
-28.265 -29.4422 15.9897 0.255009 122 125 144
-31.0808 -25.8331 15.8262 0.303014 127 130 147
-30.5637 -26.6658 15.9015 0.260014 116 114 127
-35.029 -20.7927 15.9799 0.227604 72 67 74
-35.5576 -20.115 16.0326 0.23801 83 103 104
-29.0815 -28.3489 15.978 0.299001 89 87 98
-17.1496 -10.0804 7.81403 0.199603 45 50 54
-18.2897 -10.7053 8.32792 0.198001 42 37 44
-17.1792 -10.013 7.81778 0.207202 25 37 37
-29.4246 -27.9527 15.9947 0.240803 106 104 115
-16.6965 -10.106 7.68866 0.169604 43 51 53
-30.6577 -26.5499 16.0062 0.259007 99 98 104
-33.1904 -23.135 15.9649 0.246403 127 124 135
-17.7544 -9.4761 7.93711 0.128405 102 99 126
-34.39 -21.603 16.0489 0.247608 108 107 113
-17.7196 -9.49962 7.93942 0.166415 60 55 77
-36.8633 -19.6746 16.5092 0.247608 141 137 172
-30.0163 -27.1772 16.0424 0.236408 116 115 129
-30.0647 -27.1209 16.0238 0.232013 125 123 137
-32.3152 -24.2481 16.0024 0.278004 128 128 140
-16.9569 -9.93919 7.77417 0.152407 64 61 72
-36.8631 -19.6744 16.5389 0.308003 132 143 171
-29.251 -28.1656 16.117 0.2392 67 68 73
-29.6161 -27.6539 16.0594 0.267002 63 62 67
-29.6459 -27.5802 16.0464 0.238804 68 68 78
-29.7886 -27.4749 16.0763 0.2448 114 114 126
-33.0384 -23.3317 16.0512 0.282002 78 77 83
-18.7963 -10.0321 8.44817 0.180011 80 97 107
-27.0018 -30.9661 16.3199 0.234409 95 95 107
-14.9509 -11.0475 7.39137 0.166003 114 111 120
-5.33573 -3.25659 2.48416 0.967803 85 85 95
-18.7961 -10.032 8.46324 0.190005 73 64 81
-29.1122 -28.2397 16.1575 0.232807 102 101 109
-36.8652 -19.6755 16.6288 0.300008 125 136 154
-18.4067 -10.3828 8.4214 0.167605 45 36 53
-18.4167 -10.359 8.42213 0.176013 45 37 48
-36.8639 -19.6748 16.6578 0.208011 80 94 105
-29.7911 -27.4771 16.1927 0.237201 115 115 125
-35.324 -20.4148 16.286 0.234409 61 58 67
-5.37163 -3.09144 2.47559 0.217212 70 75 81
-19.2153 -11.0105 8.83941 0.176013 90 92 105
-18.6848 -9.97259 8.45832 0.205203 31 29 40
-19.268 -10.5744 8.79304 0.196002 26 26 28
-18.6818 -9.97097 8.47199 0.108812 55 53 67
-26.6234 -31.4947 16.5254 0.23801 47 46 51
-26.6553 -31.4541 16.527 0.227604 52 50 55
-27.4068 -30.5484 16.4482 0.246006 75 78 85
-27.4503 -30.4843 16.4522 0.246403 58 59 64
-36.8592 -19.6722 16.745 0.341009 129 140 160
-19.7516 -10.5419 8.989 0.186801 27 40 49
-17.5625 -9.37354 8.00695 0.209201 42 39 48
-17.5495 -9.36655 8.01513 0.219211 31 39 42
-17.5541 -9.36904 8.03144 0.138811 56 48 59
-17.9814 -9.59705 8.24142 0.141207 90 73 89
-35.2576 -20.4626 16.5061 0.166003 38 37 42
-19.6746 -11.3705 9.20027 0.164004 55 54 59
-16.9618 -9.76096 7.92847 0.174411 34 35 40
-36.8596 -19.6723 16.9244 0.277012 143 139 162
-19.7301 -10.9225 9.15866 0.194415 89 98 105
-36.8589 -19.6719 16.9541 0.323003 140 151 179
-17.9989 -10.669 8.52856 0.165606 46 45 53
-35.5274 -20.1266 16.6661 0.255009 61 58 65
-35.3121 -20.4076 16.6585 0.245212 62 61 69
-26.934 -31.0409 16.8517 0.245609 103 105 117
-26.9799 -30.9782 16.8434 0.246006 104 107 116
-18.651 -11.1948 9.02989 0.170001 53 57 66
-35.0773 -20.617 16.8828 0.240406 92 96 105
-25.7121 -32.3818 17.2132 0.195605 45 38 45
-27.411 -30.3637 17.1167 0.239612 53 54 58
-17.2283 -13.379 9.21503 0.138811 66 65 71
-32.2096 -24.2601 17.102 0.259007 49 48 54
-33.1192 -23.0237 17.1333 0.218006 57 54 61
-33.3452 -22.7283 17.1374 0.260014 57 56 62
-26.7727 -30.8163 17.3723 0.2448 67 68 73
-25.553 -32.849 17.7229 0.242405 89 96 104
-25.5525 -32.8483 17.7525 0.246006 61 70 75
-27.6258 -29.7465 17.3431 0.237613 77 75 80
-27.6739 -29.6885 17.3103 0.241215 91 88 95
-25.5341 -32.8247 17.7701 0.225605 73 83 92
-28.3389 -28.8371 17.2744 0.267002 105 107 122
-28.399 -28.7559 17.2885 0.247608 106 112 128
-28.4472 -28.6991 17.2866 0.282002 110 113 128
-28.4757 -28.6576 17.2829 0.273014 110 117 133
-28.3263 -36.414 19.7467 0.242405 51 61 70
-33.7923 -21.867 17.2308 0.256001 113 111 124
-28.3248 -36.412 19.7791 0.230015 51 60 69
-26.6637 -31.4235 17.6819 0.227604 103 101 115
-26.7221 -30.7195 17.4748 0.203204 113 112 126
-26.7793 -30.6707 17.4737 0.224414 66 58 73
-29.5662 -27.2685 17.2557 0.258015 109 104 111
-29.6116 -27.209 17.2535 0.23241 106 99 107
-28.3242 -36.4113 19.8123 0.315007 52 54 66
-25.6753 -32.7484 17.9009 0.231601 113 112 128
-25.7149 -32.6734 17.8607 0.24361 108 110 123
-27.0541 -30.341 17.472 0.236805 78 76 87
-27.2431 -30.1029 17.4399 0.2336 61 64 69
-27.3859 -29.9272 17.4321 0.246006 67 64 75
-27.4899 -29.8192 17.4243 0.230808 56 49 56
-27.5394 -29.7628 17.4237 0.236408 58 53 60
-30.116 -26.5686 17.2465 0.244404 104 94 102
-16.9453 -9.09739 8.25892 0.162005 48 44 67
-18.5246 -9.90126 9.02436 0.155215 121 117 140
-27.1092 -30.8571 17.6836 0.236011 104 101 108
-27.1569 -30.7972 17.683 0.228 100 96 110
-27.2013 -30.7329 17.6814 0.229206 93 92 100
-28.8494 -28.1211 17.384 0.251011 54 57 64
-28.0774 -29.0305 17.4449 0.241611 65 62 71
-28.1306 -28.9784 17.4351 0.248005 71 61 70
-28.5486 -28.486 17.4128 0.242008 59 62 69
-28.6911 -28.3118 17.4051 0.274006 79 78 86
-29.5796 -27.2137 17.3688 0.250004 72 71 76
-28.262 -28.7937 17.469 0.246815 44 42 53
-17.3683 -11.9951 9.1324 0.194415 73 68 72
-30.2646 -26.3376 17.3818 0.248814 74 69 73
-30.5022 -26.0225 17.3898 0.246403 72 77 83
-30.5619 -25.9762 17.3839 0.272007 65 68 75
-28.912 -27.9752 17.4666 0.234806 71 72 77
-31.3499 -24.9672 17.3898 0.251011 66 70 81
-31.3977 -24.9097 17.3895 0.24361 66 69 76
-31.8781 -24.2874 17.3933 0.201602 55 55 63
-30.7018 -25.7083 17.4227 0.252003 71 72 76
-30.8601 -25.5518 17.4105 0.265003 62 62 70
-29.4354 -27.2482 17.4803 0.220813 39 42 47
-31.0094 -25.2926 17.4402 0.2448 60 61 66
-31.202 -25.0695 17.4361 0.241215 63 63 73
-33.0932 -22.6157 17.4751 0.234409 55 52 59
-28.1819 -30.4568 18.1332 0.248005 65 72 90
-28.4932 -29.0291 17.7903 0.201205 102 109 125
-31.8266 -24.248 17.482 0.245609 68 67 75
-17.2577 -13.0983 9.4733 0.162402 53 52 60
-32.1789 -24.3603 17.6729 0.224002 129 126 147
-33.6189 -22.5236 17.7077 0.258015 98 98 122
-33.6659 -22.4655 17.7235 0.248814 137 138 159
-18.683 -11.2136 9.53487 0.210803 104 103 117
-19.5926 -11.226 9.87549 0.106004 100 99 104
-16.9748 -10.3165 8.71381 0.128008 97 94 105
-18.2864 -10.5372 9.25533 0.162402 46 54 56
-29.9919 -27.1535 17.779 0.226001 82 86 97
-30.0382 -27.0954 17.7579 0.242008 105 107 119
-33.4182 -22.7775 17.764 0.242405 129 130 150
-32.466 -23.9876 17.7684 0.242008 132 135 152
-18.5229 -10.3427 9.34276 0.177203 41 41 49
-36.4089 -20.2421 18.3939 0.2448 72 81 96
-28.0468 -29.7568 18.1304 0.226413 118 116 129
-29.0994 -28.3991 18.0425 0.185214 102 97 104
-25.705 -32.7438 18.5011 0.234806 113 115 128
-31.3648 -32.2699 19.984 0.286015 70 76 92
-28.3341 -36.4232 20.561 0.260014 53 48 55
-25.6578 -32.8089 18.5545 0.240406 100 108 119
-28.3329 -36.4216 20.5939 0.272007 41 49 52
-28.3342 -36.4232 20.629 0.273014 31 34 39
-30.4362 -26.8505 18.1121 0.245212 113 111 122
-28.3357 -36.4251 20.6642 0.265003 33 36 43
-29.1586 -28.3175 18.195 0.21001 84 74 82
-31.0549 -25.9062 18.0985 0.258015 129 129 141
-28.3355 -36.4248 20.6981 0.245609 45 48 57
-25.6401 -32.8287 18.6545 0.246006 74 85 91
-31.146 -25.788 18.1054 0.248005 130 129 145
-31.1803 -25.7518 18.1168 0.248402 126 129 146
-28.3342 -36.4231 20.7311 0.246815 53 56 65
-30.6334 -26.5928 18.2373 0.233204 108 105 114
-31.3758 -25.4949 18.2088 0.28101 133 136 153
-16.7588 -10.1426 8.82175 0.098405 79 76 85
-34.5516 -21.4367 18.3346 0.23241 121 124 129
-27.2307 -31.2262 18.7073 0.228412 74 66 77
-34.6442 -21.3179 18.3665 0.207202 86 83 90
-33.6717 -22.5584 18.3614 0.252003 128 125 142
-33.7634 -22.4402 18.3818 0.248005 131 134 149
-31.7098 -32.0679 20.753 0.246815 64 70 86
-30.6755 -33.3962 21.0743 0.236805 65 71 87
-25.9257 -33.326 19.9418 0.241215 56 56 68
-25.9141 -33.311 19.9643 0.312001 98 101 110
-25.9149 -33.3121 19.9971 0.306004 98 101 110
-25.9196 -33.3181 20.0324 0.212009 51 56 62
-27.5055 -31.3062 19.7908 0.219608 77 80 95
-25.7867 -32.6374 19.7769 0.274006 119 118 126
-25.8651 -32.5307 19.773 0.237613 125 123 128
-26.9248 -31.1821 19.6434 0.200809 83 73 82
-30.3671 -33.8025 21.7119 0.247211 64 65 83
-31.3437 -31.7741 21.3222 0.228 65 71 87
-30.4276 -26.8411 19.4055 0.289006 108 107 115
-30.4771 -26.785 19.3783 0.232807 104 101 108
-33.0019 -30.3597 21.5049 0.266011 68 74 90
-29.0881 -34.2359 21.5794 0.224414 57 62 68
-25.5671 -32.8646 20.042 0.208011 52 54 67
-30.8428 -26.1802 19.4478 0.240406 112 115 130
-25.5421 -32.8325 20.0538 0.245212 48 52 64
-31.2991 -25.5916 19.471 0.265003 125 128 147
-31.4243 -25.4371 19.4656 0.248402 127 130 149
-33.7666 -22.4414 19.535 0.267002 99 128 134
-17.4463 -11.5489 10.0734 0.184009 120 105 128
-25.5415 -32.8316 20.0849 0.2448 52 56 68
-28.0199 -30.2053 19.8838 0.236011 54 57 62
-27.8974 -29.9254 19.7507 0.225605 115 119 146
-35.6218 -20.0616 19.7181 0.231601 109 104 110
-17.6171 -9.83628 9.72634 0.166812 103 101 115
-25.5391 -32.8286 20.1146 0.238804 40 46 58
-28.6673 -34.4629 21.659 0.2336 56 56 66
-28.9778 -34.1909 21.6491 0.224414 53 56 65
-25.5246 -32.8099 20.1348 0.240406 65 69 80
-27.159 -31.1033 19.9865 0.236805 49 47 58
-27.3656 -31.2239 20.0869 0.189212 103 103 113
-29.1037 -28.4013 19.6815 0.198413 64 59 66
-30.0321 -28.1077 19.9057 0.337011 67 70 85
-30.402 -27.6251 19.8698 0.23241 67 73 87
-30.093 -27.1093 19.6041 0.240406 121 122 140
-30.1398 -27.0512 19.6128 0.240803 117 119 134
-32.3822 -24.2019 19.555 0.222812 113 111 124
-25.9315 -33.333 20.4874 0.242802 53 56 65
-25.91 -33.3052 20.5024 0.278004 39 39 47
-29.9071 -33.7874 21.9183 0.204013 62 65 82
-35.6679 -20.0009 19.8345 0.236408 107 106 112
-16.54 -9.23489 9.18886 0.184802 43 46 51
-32.4754 -24.0853 19.6651 0.232013 81 65 78
-17.0971 -12.6318 10.3397 0.168002 84 74 83
-30.1382 -33.4233 21.9105 0.189212 63 66 83
-29.1 -28.4678 19.8342 0.195605 43 42 48
-29.1185 -28.3808 19.8123 0.189212 67 62 66
-29.1681 -28.3247 19.8108 0.193606 80 73 81
-32.4464 -24.1256 19.6811 0.262013 132 124 135
-16.825 -9.20553 9.34232 0.19321 39 44 48
-30.3741 -27.5997 20.0072 0.284001 96 99 108
-33.2119 -23.1464 19.7439 0.273014 136 144 165
-25.6971 -32.7317 20.3286 0.234409 107 105 110
-25.7309 -32.6485 20.3128 0.214801 90 85 89
-25.7716 -32.5764 20.2863 0.225605 90 87 96
-27.8427 -29.977 19.999 0.244404 52 51 59
-16.3244 -8.71124 9.04761 0.169604 123 117 131
-28.1183 -29.611 19.9975 0.256001 74 77 82
-36.7927 -19.7499 20.4455 0.298009 115 127 153
-16.3123 -8.70476 9.05497 0.166003 113 111 114
-25.7347 -33.0797 20.587 0.2168 48 47 53
-28.1388 -29.5232 20.03 0.269001 73 72 80
-28.2481 -29.5286 20.049 0.214405 58 57 63
-17.2829 -11.748 10.2502 0.152407 98 87 104
-17.1952 -11.6423 10.1956 0.189609 83 110 117
-16.4035 -9.23828 9.2372 0.196002 41 33 46
-36.8558 -19.6669 20.4904 0.203601 91 84 102
-25.5841 -32.886 20.4981 0.235203 48 47 55
-32.857 -23.5952 19.879 0.248814 120 107 124
-25.5814 -32.8826 20.5284 0.214008 50 48 59
-25.666 -32.7752 20.4931 0.230015 101 98 105
-33.8609 -22.324 19.9766 0.198413 79 69 78
-25.5829 -32.8844 20.5611 0.22121 72 70 81
-29.7605 -28.4417 20.3077 0.322011 85 89 101
-30.6416 -26.5645 19.9912 0.235615 105 105 115
-25.5796 -32.8802 20.5903 0.228809 96 96 108
-16.6444 -9.37395 9.43127 0.171603 70 64 78
-16.6651 -9.34512 9.42701 0.211612 72 77 80
-36.3578 -20.2991 20.5471 0.19321 83 80 89
-16.6902 -9.23827 9.42281 0.199603 57 61 70
-36.5009 -20.1154 20.5765 0.321004 138 151 167
-29.6741 -32.9083 21.9111 0.199207 60 66 80
-29.6379 -32.7462 21.8683 0.190005 61 69 80
-36.5297 -20.0732 20.6894 0.323003 144 147 178
-36.8564 -19.6671 20.7142 0.273014 130 145 168
-9.85419 -5.66993 5.6474 0.18201 96 93 102
-36.5493 -20.0544 20.7058 0.293004 139 152 184
-25.5808 -32.8815 20.7819 0.225208 104 102 113
-25.5741 -32.8728 20.8083 0.204807 99 99 107
-34.2763 -21.7912 20.3038 0.282002 132 135 152
-29.5186 -28.2794 20.4666 0.245212 75 71 72
-29.6122 -28.2996 20.5198 0.19881 66 60 64
-29.7831 -28.3582 20.5829 0.320012 55 59 68
-30.078 -27.1285 20.2997 0.227207 53 60 68
-26.7122 -31.4385 20.7286 0.236805 101 99 112
-29.9461 -28.2341 20.6607 0.184802 33 32 38
-26.7586 -31.3755 20.7551 0.236011 125 124 132
-27.1674 -30.9203 20.705 0.23801 102 96 106
-29.1184 -29.2289 20.7461 0.258015 41 42 46
-26.4606 -31.8489 20.8767 0.212009 46 44 49
-26.5257 -31.8072 20.8667 0.225208 47 44 51
-33.5359 -22.7345 20.4132 0.257008 130 137 155
-29.5297 -28.255 20.6269 0.238407 57 54 61
-29.574 -28.1938 20.6098 0.235615 64 65 70
-30.3791 -26.8967 20.4683 0.231205 107 109 121
-26.9029 -31.1946 20.8095 0.228809 110 109 125
-31.9714 -24.7301 20.4163 0.244404 103 100 119
-26.0432 -32.2212 20.963 0.24921 95 92 103
-26.1052 -32.1778 20.9692 0.238804 89 86 97
-26.1439 -32.1443 20.9756 0.226413 95 93 104
-30.1752 -27.4183 20.6251 0.257008 45 43 48
-32.5185 -24.0241 20.4703 0.249607 129 132 151
-26.355 -31.8795 20.9829 0.238407 108 108 116
-30.0783 -27.8401 20.783 0.218006 36 35 41
-17.5788 -11.7761 10.7202 0.175204 78 75 92
-27.1067 -30.9275 20.8711 0.229206 82 84 96
-27.1546 -30.8674 20.8666 0.231601 110 112 125
-31.558 -25.2566 20.5615 0.257008 126 126 136
-27.9242 -29.8791 20.8266 0.262013 121 115 129
-27.9726 -29.8207 20.8099 0.255009 126 120 132
-28.314 -29.3796 20.772 0.23241 118 120 135
-17.4859 -11.4819 10.6556 0.199207 120 98 110
-30.4241 -26.837 20.7045 0.233204 109 107 118
-30.469 -26.7768 20.6737 0.24921 116 115 129
-33.2113 -23.1448 20.6432 0.265003 133 134 152
-33.4421 -22.8512 20.6397 0.244404 130 131 149
-15.988 -12.133 10.254 0.162814 87 86 100
-15.8963 -9.26333 9.3968 0.180407 39 41 40
-17.7794 -10.317 10.49 0.190005 73 69 83
-26.2967 -31.8887 21.152 0.232013 98 94 108
-28.4528 -29.1984 20.8491 0.220813 91 88 97
-33.5791 -22.6738 20.7243 0.247608 129 130 148
-16.6846 -8.90315 9.66814 0.212009 79 84 87
-30.6874 -26.3727 20.7385 0.241611 121 121 133
-30.7339 -26.3147 20.7361 0.236408 116 116 128
-32.6016 -23.9303 20.7232 0.286015 131 133 148
-16.6267 -8.87224 9.64919 0.181613 47 53 49
-31.5422 -25.2758 20.7406 0.249607 128 130 143
-32.5086 -24.0472 20.7396 0.250004 126 129 146
-33.4409 -22.8503 20.7646 0.246006 133 135 150
-16.6174 -8.86726 9.65806 0.14641 136 132 157
-9.92905 -5.49586 5.83268 0.178012 40 39 55
-8.16125 -4.35518 4.75057 0.188815 66 67 85
-32.6457 -23.8705 20.8132 0.23801 129 131 146
-32.6784 -23.833 20.8292 0.257008 127 129 144
-33.9976 -22.1455 20.9216 0.279011 127 134 150
-34.2448 -21.8295 20.9673 0.252003 127 128 149
-34.833 -21.0786 21.0178 0.242802 83 83 95
-17.5305 -10.5644 10.5573 0.097612 78 72 86
-34.9229 -20.9579 21.0121 0.264012 75 71 85
-17.5118 -11.5915 10.8519 0.177203 78 76 90
-27.0065 -31.0429 21.34 0.235615 117 116 121
-25.5381 -32.8249 21.6144 0.237201 107 115 126
-33.0128 -23.4 21.0196 0.240406 125 127 140
-25.5305 -32.8151 21.6404 0.230808 72 74 87
-28.6855 -28.9001 21.2134 0.235615 127 126 144
-26.1929 -32.0018 21.5898 0.252003 126 129 146
-26.2411 -31.9403 21.5587 0.23801 131 132 153
-27.0134 -30.935 21.458 0.238407 123 117 131
-27.065 -30.8785 21.4442 0.219608 66 58 71
-27.5123 -30.3966 21.4082 0.244007 82 86 95
-27.1901 -30.7163 21.4745 0.2448 141 130 146
-27.8121 -30.0164 21.4071 0.236011 91 92 96
-27.8575 -29.9547 21.392 0.240803 90 98 100
-27.9713 -29.8188 21.3807 0.25301 108 109 114
-30.855 -26.1568 21.1727 0.245212 137 139 160
-25.5281 -32.8118 21.8345 0.242802 79 81 94
-25.8012 -32.4884 21.7808 0.247608 125 131 145
-28.6368 -28.9572 21.3817 0.237201 93 97 109
-28.6856 -28.9001 21.373 0.23801 92 99 107
-28.733 -28.8412 21.3559 0.235203 107 110 125
-28.9766 -28.5196 21.3344 0.278004 124 127 136
-29.0239 -28.4611 21.3213 0.28101 125 121 135
-25.684 -32.629 21.8128 0.233204 117 123 135
-25.7385 -32.5734 21.8093 0.236805 116 118 130
-25.8673 -32.408 21.8024 0.248005 125 128 145
-26.186 -31.9931 21.7777 0.2448 124 131 147
-26.4221 -31.6821 21.714 0.237613 132 133 151
-26.471 -31.6217 21.724 0.233204 126 130 142
-26.6304 -31.4186 21.672 0.246815 143 141 162
-29.7977 -27.4779 21.3323 0.248402 126 128 151
-29.8446 -27.419 21.3281 0.258015 125 126 147
-29.9948 -27.2203 21.3126 0.244404 114 120 134
-30.0424 -27.1623 21.3198 0.240406 113 119 133
-30.135 -27.0454 21.326 0.230015 121 125 137
-27.1002 -30.8048 21.6226 0.262013 99 98 116
-27.2068 -30.6969 21.6097 0.232013 75 74 88
-30.917 -26.0784 21.3272 0.238804 124 125 143
-31.2373 -25.6674 21.3091 0.242405 119 117 131
-27.0079 -30.9284 21.6791 0.248814 140 140 164
-27.6028 -30.1969 21.6085 0.248814 109 116 126
-27.6806 -30.0959 21.5834 0.238804 130 133 148
-27.4956 -30.3032 21.6434 0.246403 134 129 149
-28.0568 -29.6177 21.5733 0.24361 137 139 160
-28.3661 -29.2166 21.5476 0.245212 134 136 157
-28.3212 -29.2783 21.5659 0.242008 138 140 161
-28.6582 -28.8368 21.5342 0.238804 137 140 159
-32.5344 -24.0041 21.3936 0.273014 81 78 89
-33.1358 -23.243 21.4358 0.224414 45 49 52
-28.921 -28.4995 21.5338 0.254002 143 143 167
-33.642 -22.5356 21.4624 0.209201 87 79 92
-29.5191 -27.7278 21.5145 0.24361 127 123 140
-33.4595 -22.7121 21.4641 0.210803 113 114 134
-33.5053 -22.653 21.4629 0.217609 113 114 135
-34.968 -20.8095 21.6211 0.225605 70 73 78
-35.0109 -20.748 21.6177 0.218814 91 90 98
-17.8514 -10.1978 10.9253 0.202411 60 58 71
-36.8564 -19.666 22.2043 0.301015 126 138 150
-30.2665 -26.7628 21.5059 0.209613 96 92 106
-31.3545 -25.4099 21.5051 0.218814 112 108 122
-31.3965 -25.3488 21.5085 0.2112 99 96 107
-31.4329 -25.315 21.5015 0.212406 108 105 116
-36.8089 -19.7281 22.2246 0.245212 98 109 129
-36.8572 -19.6664 22.2376 0.246815 139 144 166
-32.0558 -24.5128 21.5154 0.222004 110 113 132
-32.1329 -24.4158 21.5221 0.227604 120 119 135
-16.3676 -8.73368 9.89002 0.180407 141 146 168
-32.5643 -23.8718 21.5592 0.230411 121 120 138
-32.9249 -23.3975 21.5905 0.234806 75 73 87
-32.9753 -23.3418 21.6118 0.231205 82 85 94
-33.0222 -23.2843 21.6242 0.231601 106 109 118
-33.0697 -23.2269 21.6215 0.237613 112 116 128
-16.38 -10.8999 10.5395 0.201602 113 106 124
-33.8118 -22.2601 21.678 0.190402 53 50 59
-16.5057 -10.8234 10.5798 0.168002 90 94 106
-34.721 -21.0982 21.8365 0.217609 90 89 95
-34.7667 -21.0378 21.8386 0.224002 90 89 97
-19.8843 -10.9416 12.1858 0.161608 100 99 107
-36.563 -20.0314 22.3973 0.216403 115 120 142
-8.4944 -4.53268 5.17066 0.167208 72 80 91
-15.9926 -8.53354 9.74934 0.176013 112 129 139
-31.9152 -24.6855 21.7353 0.228 114 118 130
-28.1682 -29.4432 21.9865 0.246403 129 135 151
-30.4207 -26.5351 21.8288 0.224002 107 105 118
-29.3289 -27.9588 21.9277 0.268009 131 132 150
-33.9306 -22.101 21.9297 0.225605 91 99 112
-34.7736 -21.0419 22.0359 0.231601 96 96 108
-30.2565 -26.7536 21.9135 0.22121 108 104 118
-30.3039 -26.6968 21.93 0.217212 100 99 105
-35.0466 -20.7681 22.3182 0.254002 72 78 92
-31.0903 -25.8022 22.496 0.246815 109 111 126
-26.0339 -32.2075 23.0746 0.245609 87 89 102
-26.9495 -31.0519 22.9661 0.256001 108 111 126
-26.4881 -31.6407 23.0828 0.248005 92 96 107
-27.958 -29.7663 22.8774 0.264012 106 109 126
-27.1074 -30.8489 23.0204 0.272007 104 106 121
-28.4083 -29.1872 22.8779 0.234806 102 105 122
-25.6653 -32.3981 23.2769 0.246815 65 68 77
-27.3025 -30.5376 23.1438 0.237201 77 76 82
-25.5085 -32.3622 23.3377 0.230411 61 60 68
-33.0816 -23.265 22.9025 0.238407 97 96 110
-25.9421 -31.934 23.3346 0.240009 68 66 71
-25.9896 -31.8725 23.332 0.217212 55 54 60
-28.3101 -29.3005 23.1087 0.240406 62 64 76
-33.727 -22.4414 22.9992 0.249607 92 91 105
-26.859 -30.909 23.2909 0.270008 74 74 82
-33.4352 -22.8146 23.0156 0.23801 91 95 107
-35.344 -20.246 23.1728 0.247608 62 62 72
-26.7893 -30.9438 23.3123 0.242405 52 52 60
-25.4563 -32.4207 23.5061 0.244404 61 61 71
-27.7151 -29.8359 23.2366 0.229603 73 72 78
-25.7285 -32.07 23.4695 0.251011 67 64 75
-25.8202 -31.9833 23.4797 0.202411 87 85 96
-28.0932 -29.363 23.2012 0.254002 62 64 76
-28.3933 -29.028 23.1947 0.256001 71 71 79
-28.5333 -28.8503 23.1826 0.245609 60 59 65
-26.1908 -31.4812 23.4189 0.247211 92 94 109
-26.3041 -31.4992 23.4588 0.228809 91 91 93
-26.4635 -31.3363 23.4585 0.261006 100 94 104
-28.9567 -28.324 23.1736 0.237613 61 58 67
-26.5285 -31.1022 23.4245 0.200412 93 91 102
-26.6417 -31.1185 23.4635 0.256001 48 48 56
-29.2922 -27.9221 23.17 0.229603 61 60 66
-29.3283 -27.8535 23.1723 0.2392 66 65 71
-29.6253 -27.5199 23.1639 0.234012 42 41 47
-29.8229 -27.2961 23.1639 0.255009 43 42 48
-26.8849 -30.5952 23.36 0.256001 81 80 94
-26.9997 -30.4608 23.3338 0.226413 66 68 80
-27.0427 -30.3963 23.3521 0.240406 76 76 88
-30.0271 -26.9796 23.1652 0.248402 61 60 66
-27.3161 -30.0661 23.3309 0.217212 60 62 74
-27.4486 -30.0999 23.3855 0.280003 59 58 66
-27.4511 -29.9921 23.3486 0.275013 67 66 74
-27.7617 -29.6658 23.3353 0.223209 67 68 73
-30.1496 -26.7904 23.174 0.272007 63 63 73
-30.4461 -26.4571 23.1681 0.234409 36 36 46
-30.5966 -26.2926 23.1807 0.210407 59 59 67
-31.023 -25.7779 23.1588 0.22681 53 56 63
-28.192 -29.1425 23.3195 0.24361 51 50 56
-28.2984 -29.0371 23.3154 0.227604 47 50 57
-28.3382 -28.9714 23.3149 0.221607 46 47 52
-28.4923 -28.8087 23.3151 0.233204 57 57 65
-30.9659 -25.8269 23.1989 0.219608 56 56 64
-31.4548 -25.1713 23.1826 0.232807 52 49 58
-28.9178 -28.2863 23.3079 0.246815 63 62 68
-29.2966 -27.8233 23.2791 0.244404 65 64 72
-31.3976 -25.2212 23.196 0.226001 69 68 76
-32.0802 -24.3424 23.2006 0.236805 56 55 61
-29.2089 -27.911 23.3145 0.252003 47 46 54
-29.5677 -27.4662 23.2839 0.224414 55 56 61
-29.6908 -27.2755 23.2515 0.246403 68 67 73
-29.7402 -27.2203 23.2643 0.215213 60 59 65
-29.781 -27.1573 23.259 0.235203 71 72 76
-32.1531 -24.2118 23.2207 0.228412 62 61 69
-29.9319 -26.994 23.3006 0.215213 46 45 51
-29.9648 -26.9235 23.2819 0.199603 54 55 60
-30.0084 -26.8631 23.2629 0.243214 54 53 59
-30.0979 -26.7438 23.2659 0.228412 59 66 72
-32.9582 -23.1472 23.2644 0.242802 74 73 87
-33.2366 -22.798 23.2766 0.225208 59 61 74
-33.798 -22.1008 23.3175 0.237201 52 55 62
-30.0634 -26.8121 23.311 0.236805 48 45 52
-34.1942 -21.5308 23.3832 0.216007 55 56 61
-31.703 -24.7694 23.3144 0.224002 55 58 67
-34.429 -21.0045 23.362 0.212802 49 47 58
-35.3173 -19.8867 23.4733 0.258015 54 56 69
-30.8715 -25.7481 23.3263 0.227604 54 55 60
-32.2199 -24.0458 23.3305 0.242802 45 48 53
-32.6096 -23.5657 23.3352 0.208011 47 47 55
-8.3479 -4.72117 5.56211 0.14641 61 64 73
-9.70708 -5.1793 6.37849 0.174014 39 38 46
-32.3242 -23.8775 23.3536 0.225208 55 54 60
-32.3689 -23.8183 23.354 0.224002 50 49 57
-32.5628 -23.5931 23.3719 0.212802 51 51 59
-32.7182 -23.3405 23.3568 0.217609 55 54 62
-32.755 -23.2749 23.3555 0.2336 52 51 57
-32.8398 -23.2441 23.3709 0.222812 52 49 56
-32.8987 -23.1054 23.3547 0.223606 53 52 60
-34.1371 -21.3771 23.3792 0.225605 63 67 76
-34.1708 -21.3404 23.4151 0.216007 77 75 86
-36.0672 -19.2429 23.7325 0.201602 39 38 46
-33.1232 -22.8998 23.4315 0.229206 58 57 65
-33.085 -22.7828 23.356 0.214801 41 44 51
-15.7884 -10.7023 11.0966 0.160403 63 58 65
-33.3941 -22.5462 23.4377 0.224414 52 47 54
-33.7572 -22.074 23.455 0.230808 77 71 83
-34.431 -21.0057 23.4618 0.225605 67 67 77
-36.0144 -19.2147 23.7315 0.196414 52 51 59
-34.5239 -20.9765 23.5374 0.227207 58 58 66
-35.9654 -19.1885 23.7326 0.209613 53 54 59
-34.5098 -20.9088 23.5527 0.228 41 44 53
-34.8509 -20.4776 23.5624 0.237201 69 69 79
-34.8881 -20.4132 23.5666 0.225605 39 39 47
-34.9128 -20.3417 23.5716 0.237613 57 57 65
-35.1388 -20.0431 23.604 0.278004 65 65 77
-35.9172 -19.1628 23.7343 0.188403 45 46 51
-34.571 -20.8304 23.563 0.248005 59 62 69
-35.5075 -19.4797 23.6503 0.239612 63 67 76
-35.6353 -19.2943 23.6606 0.236805 61 58 67
-24.9215 -32.0297 23.7597 0.235203 110 109 127
-24.9105 -32.0155 23.7824 0.237201 83 84 102
-24.9097 -32.0145 23.8153 0.233204 97 103 117
-27.25 -29.8816 23.7811 0.248814 65 65 75
-24.9088 -32.0132 23.9156 0.23801 94 107 116
-24.8976 -31.9988 23.9384 0.249607 80 90 100
-26.6019 -29.9371 23.7228 0.226001 55 55 63
-28.6121 -27.9862 23.7204 0.229603 60 60 70
-28.911 -27.7617 23.735 0.226413 64 64 74
-28.9578 -27.7042 23.7483 0.236805 66 66 76
-24.843 -31.9285 24.0196 0.22121 49 46 57
-24.8331 -31.9157 24.0435 0.261006 110 98 118
-24.8321 -31.9144 24.0761 0.244007 136 127 146
-25.2403 -31.4999 24.0223 0.235615 59 62 71
-28.9595 -27.7057 23.8498 0.246006 56 56 64
-30.1058 -26.1608 23.7316 0.236408 59 57 68
-30.1525 -26.1044 23.731 0.222004 58 57 65
-30.2065 -26.0542 23.7292 0.194812 50 47 54
-24.8327 -31.9152 24.1108 0.247211 129 126 145
-29.0018 -27.6445 23.8647 0.237613 53 52 60
-31.9124 -23.9991 23.8153 0.224002 47 46 52
-32.1718 -23.3999 23.7433 0.2168 56 54 59
-30.4589 -25.4029 23.7365 0.225208 57 56 64
-33.5566 -21.1565 23.7446 0.244007 68 64 78
-31.9928 -23.2696 23.7433 0.218006 55 53 58
-28.9633 -27.6076 24.0332 0.25301 44 43 51
-8.76599 -5.5498 6.24443 0.151614 109 107 128
-33.3908 -21.2247 23.8332 0.230411 103 114 132
-7.54311 -4.12059 5.17909 0.17641 55 56 61
-34.5886 -19.6431 23.9851 0.195605 55 55 65
-31.3864 -24.4595 24.0542 0.226001 50 49 55
-33.3047 -21.6909 24.1208 0.220005 55 55 65
-35.1785 -18.768 24.1746 0.174014 92 92 104
-25.2446 -31.1903 24.3996 0.218814 55 57 69
-27.3097 -28.7545 24.144 0.242405 118 124 146
-27.3547 -28.6957 24.1324 0.245212 115 120 140
-30.1403 -25.5476 24.0468 0.228 54 55 60
-35.1447 -18.7499 24.285 0.240009 77 76 84
-27.8534 -28.0581 24.1559 0.261006 132 143 163
-30.3809 -24.96 24.0501 0.24361 60 58 71
-24.6722 -31.7082 24.6286 0.217212 111 119 132
-24.6635 -31.697 24.6535 0.179202 69 74 94
-25.6055 -32.9067 25.6299 0.151202 168 130 181
-25.0156 -31.2577 24.6286 0.201205 103 101 123
-29.9758 -25.3764 24.1685 0.237201 140 146 162
-34.2337 -19.8324 24.3966 0.226001 79 79 91
-34.2882 -19.7804 24.3983 0.220813 83 82 90
-26.4565 -29.5521 24.4953 0.245212 100 104 116
-8.45913 -4.6678 5.96964 0.17641 88 88 96
-31.4553 -23.2343 24.4963 0.266011 116 117 138
-31.4996 -23.1772 24.496 0.250004 120 122 145
-33.2906 -20.7605 24.6582 0.220401 114 118 147
-33.3294 -20.7003 24.6603 0.212009 96 111 134
-33.5007 -20.4947 24.6783 0.203204 76 87 105
-33.7821 -20.0715 24.6921 0.178012 119 110 139
0 0 0 0.5 0 0 0
0 0 0 0.5 0 0 0
